35829,Jago,0,5,7529,332
60416,Skally,138,995,9448101,26
106569,Red_Ice_Dragon,0,5,4050,447
142764,Thor49,334,12,85957,156
160236,Son+Goku,0,4,3200,622
198161,abudi,0,3,22592,225
233136,steknadel,0,3,11985,290
255010,Lord+mordor,62,15,101036,145
262227,JackausdemSchatten,343,5,5590,354
278715,Alfred+Biolek,62,5,32645,200
296227,Bezius,123,2,19143,241
297878,X-Fire,0,5,4250,410
316099,miamia,0,2,5074,369
319909,Der+Held+schlecht+hin,84,196,1833398,65
320150,spike3,138,579,5665465,41
342608,der+slawe,0,4,5400,361
385305,Taeler,0,5,4010,482
396604,Alex%40,0,5,4152,419
401979,nicky+butt,184,1117,13201515,20
438853,microOdt,200,187,1401903,70
485965,MichaCologne1,0,5,4045,454
530635,kaki1968,0,5,4315,403
656427,Simon105,0,5,4000,497
657219,ellenmcbong,0,5,12210,291
735547,Angelika2702,30,5,14737,278
760874,Moritz+Rabe,0,5,4097,428
803238,pw42,0,5,21088,228
819560,dragon35,0,1,5827,351
858526,schuschei,0,10,37832,192
866632,Haaans,0,5,6109,348
878287,Helms+Clamm.,0,5,4000,498
882734,Mr.Lange,0,10,52718,175
979073,bob111,0,2,2711,637
995939,tuner3,0,1,800,683
998056,shiva+10,196,219,974369,80
1020788,Gromper,138,337,3200751,53
1044752,weisi3,0,5,4041,453
1045021,Marvin%40,0,2,1600,667
1128170,Whitestylz,0,5,4918,374
1202637,Motfahrer,126,582,5475517,42
1244625,SAP-Bl%C3%B6del,360,1,3903,606
1339966,%2Axyz,0,4,3211,619
1385878,Simeon97,0,5,4000,499
1459546,wedam,84,13,147699,136
1495962,%C3%BCkpp,0,5,4344,400
1535849,condor11,349,5,12645,287
1540564,oschii,0,5,4190,415
1628720,Traumhaft,210,1,2967,632
1630679,De%40dline,0,5,26020,216
1650546,gunnar11,154,2,17872,254
1707742,Erzengel-%2A-Raziel,0,4,3980,603
1725309,9PRF,113,47,493045,93
1731065,%2Aralle%2A,106,100,967634,81
1877684,kipper480,241,13,84565,159
1925988,der+Zerst%C3%B6rer%2A,84,68,634895,86
1928966,svandy,295,25,131851,137
1944959,MerkurHB,0,5,5724,352
2007573,marvinho270695,0,3,10537,298
2124277,V+Sky,253,840,8730934,27
2168430,Fr3akY+Br0th3rS,106,2705,30258735,2
2197123,Schuamo91,0,5,4060,442
2233580,The+Annimal,0,2,11498,262
2247494,Chris260296,343,18,167784,131
2255761,fatboy16,26,273,2647789,58
2335533,Machfeldgasse,0,0,0,698
2338098,statenhauer,242,3,31227,203
2359175,gisispock,62,5,14520,279
2512811,3isk4lt,38,1200,11783395,22
2539215,Miknik,173,11,86798,154
2552866,SemiAktiv,253,1834,19090932,8
2634628,izou,0,5,8861,318
2681014,Herr+Hinrichs,0,5,4268,406
2804321,Frida1408,194,666,5786774,39
2835098,Erstbestajunge,0,5,4000,500
2887937,King+Lothar+3,349,12,73970,164
2939394,aswo,341,2,19166,240
2971170,gloana%2A%2A%2A,0,5,8730,321
2995090,Wagegg,0,5,7265,335
3039070,MattCity,0,5,4000,501
3057466,slywor,110,1,2365,656
3088894,Kampfkeks720,295,3,11476,293
3131151,angelo1997,30,22,181235,127
3171872,CrAzZy27,216,2,19466,238
3178736,King+Ahtos97,0,5,4120,463
3228389,Monkey+D.+MeX,200,191,1294466,74
3276380,Jojoi75,0,3,17537,258
3280737,Cody-Maverick,0,5,7930,326
3287479,xaver39,123,5,26783,214
3325984,edchen08,0,4,4822,376
3385146,dasglug,26,34,322906,112
3440179,alexx1238,200,33,293678,115
3449925,Hexe+Lilly,345,25,83609,160
7618318,ChrisiMaster123,253,1846,18559710,10
7713833,o666o,0,5,4000,502
7733590,The+Coon,0,5,4112,426
7768080,Bedir1,0,5,4000,503
7817139,slim+jk,349,5,13881,282
7860348,Vollmond62,49,1,4822,377
7890448,ThePurge187,0,5,4000,504
7897137,Morgar,0,5,4000,505
7899036,max+aus+der+tube,0,3,2411,644
7936236,jonny1965,270,8,56032,171
7974279,felipeonl,0,2,1600,668
8009331,maxoma,26,2,18688,246
8048244,selmana14,60,4,32334,201
8065332,-Issey,106,1170,12996030,21
8110441,ANeu,341,1,2836,636
8151105,K%C3%B6nig+Martin+2,198,7,32466,202
8210434,Cartracer93,0,5,8436,323
8222103,Bacardimilic,0,5,8971,319
8247369,Golde+Roger,0,5,4000,506
8280090,hart112,343,5,18272,251
8280477,leonhardtd2,348,7,14913,274
8312709,m-maker,0,5,4000,507
8313863,Betonmischer,0,5,15497,272
8324097,Rocker+Max,194,532,4910321,45
8349024,Waldi11,299,14,100182,148
8371026,hgmatze,343,12,55780,172
8372020,-Schwertlilie-,49,5,5473,359
8422798,erkerros,106,2974,34362392,1
8523680,soldierjb,173,147,1451432,68
8557660,Wrayth,0,5,4000,508
8593822,Der+bvb+Boss,0,5,4283,405
8664702,Julonio,0,5,4008,489
8667818,halo429,0,5,4000,509
8717828,Donau69,0,5,4026,465
8718615,Ikward,0,5,4000,510
8747744,Badboy2011,341,1,2144,658
8748138,A.+S.,0,1,800,684
8772279,esug,21,24,241198,119
8788648,sunshinekid,0,1,853,680
8798753,maxizi,0,5,13096,285
8829351,ben13.12,62,2,5583,355
8893463,superchuvak,106,580,5847246,37
8911107,Sly+Marbo,0,5,4350,399
8929715,lykorz,0,5,5346,362
8934843,saebler,0,5,4000,511
8978916,-.-yannik-.-,0,5,4000,512
9008678,Mohia97,0,5,11385,295
9022378,aurora+polaris,26,5,52118,176
9030923,genci99,0,4,3260,617
9047515,TheSledgehammer,196,11,36586,195
9084872,Hobiz,0,5,4089,431
9085809,Spotted+Cow,0,5,4255,408
9092884,crubbysfan,0,5,4592,385
9112721,Gerix,0,5,4000,513
9124032,Espe1879,0,5,4000,514
9185917,Imperator-C,75,24,137912,139
9211380,Domwarrior,184,951,9864489,23
9225854,InsaneBastard,106,804,9694396,25
9256607,xxnightstarxx,0,5,4000,515
9274334,Ultrasmani,38,291,2896502,56
9290295,N00BD1sS,0,1,800,685
9306541,Uwe752,110,182,987592,79
9376872,Malroth,44,48,336772,109
9383411,keiler1700,343,5,22598,224
9418204,sHIzo+fxx-fe,0,4,19713,236
9443259,Ankh.Morpork,0,5,13620,284
9446231,xXWaSGeHtXx,26,2,18325,250
9452442,k%C3%B6nig+andrej+der+2,0,5,4398,397
9455754,mazda323ba,0,5,10745,297
9455847,Joe+Kocker,0,5,4000,516
9507710,Qeon,0,1,817,681
9514512,Ferraristi2012,0,5,4164,417
9552091,BigDog,0,5,4012,477
9598491,Mayrhofer32,0,5,9195,314
9607665,Herrkogel,348,26,123670,141
9646811,Sniperpro08,0,5,4178,416
9647075,mervin3876,106,1662,19369574,7
9673019,thoscho66,289,30,101438,147
9678817,FoE0001,207,60,492266,94
9683489,kevinkill,0,4,3210,620
9709999,Morgen007,107,22,165373,132
9712251,CrazyCore,253,499,4726309,46
9724650,magic-runner,0,5,6236,343
9749129,Lord+Sam98,0,5,4000,517
9760330,-BronKo%2A,0,5,4000,518
9768832,Orka07,348,7,25368,219
9792280,pst84,0,5,4640,382
9793241,Lord+Duck,106,1220,13230922,18
9859907,Ich+mag+Katzen,0,3,2400,645
9867460,Holid4y+H%2A%2A,0,5,4000,519
9908011,Harribelle,0,4,3200,623
9909664,bmg00,0,5,4255,409
9912166,Nightgamer,139,1,9702,308
9916738,Tr.General,0,5,4000,520
9933359,Jjames,0,5,14905,275
9940761,Intracy,0,3,2400,646
9946664,Lord+Damion,113,5,48182,180
9947088,SKRK,0,3,6397,341
9978876,danielmhh,0,5,4000,521
10006069,ewald96,333,9,81469,161
10007206,Pr3stig3,0,4,3448,609
10011662,Adler0123,306,2,7454,333
10027365,Lusche3000,0,2,20374,232
10031101,Todesk%C3%B6nig69,343,3,20290,234
10045837,K%C3%B6nig+Heerscher,0,1,875,678
10050294,Achselhaar1993,75,43,409602,103
10052162,Denybest,261,46,436400,98
10060560,CH4B0B4B0,0,5,4019,467
10106907,darkcube101,0,5,4017,468
10108470,neuna19,0,5,20779,230
10114831,i+know+it,38,1706,17445479,12
10123570,landliebe92,84,116,827190,84
10129366,marten215,207,77,432457,100
10129841,Excalibur1996,133,1,9883,305
10201243,Shadow190791,0,3,10207,301
10207368,ucecU,0,5,4000,522
10265162,masterklen,0,5,4100,455
10274984,Shunks,0,4,3200,624
10285519,%2A%2A%2AKevDon%2A%2A%2A,0,5,4032,461
10287436,Baerchen140173,253,638,5829987,38
848877698,Castx3,30,6,28409,209
1575932293,julia+powetr,0,5,4028,464
1576001080,tixedo,343,9,80994,163
1576047188,Hydl,0,5,4000,523
1576063064,couchkiller,355,4,4468,390
1576070819,Smard-king,106,1137,13500096,17
1576111434,Feuer+faust+Ace,198,2,16437,221
1576115917,Schwarzer7umor,341,31,180791,128
1576192469,ALPHA-KNECHT,83,1,10189,302
1576217353,Stiv96,21,25,254565,118
1576241868,allstar98,0,5,4286,404
1576246743,team+tunizz,0,0,0,699
1576260161,tEaCh+YoU+hOw+To+PlAy,38,2359,27951778,3
1576273504,FCB-Hanse,31,222,2288706,62
1576296687,daerox,0,5,4555,386
1576311709,shrdd,0,4,3212,469
1576322315,Ein+Basher,200,23,202034,124
1576379277,Lady+rinaN,0,1,4142,421
1576387724,xMisTeRx,21,8,72608,165
1576389448,maggisauce,0,5,4120,425
1576405509,Mr.Chippi,0,5,4000,524
1576413116,role1000,0,5,4000,525
1576415561,zlatan+red,0,5,6194,346
1576421275,Danielb93,0,5,4010,483
1576432538,%2APrinzenrolle%2A,0,5,4636,383
1576435090,sorlania,210,6,9621,309
1576454879,Axxum,343,6,33872,199
1576455759,chinking,0,5,4000,526
1576458344,Grantelbartooo,0,2,1600,669
1576503612,Sp0ngebozz,0,5,4000,527
1576524206,Selcuk11,0,5,4000,528
1576554795,Paddy212,21,11,104842,144
1576588283,Tweedle+Dee,0,5,4014,470
1576597864,Hakuna-Matata,38,1007,9813123,24
1576601926,H+II+MFlamezz,0,5,4000,529
1576609465,PiPiFein,51,121,1435920,69
1576623509,Bumaye.,0,5,4000,530
1576654167,LordDarthVader,0,4,3391,613
1576689089,xSeriuZx,208,83,858665,83
1576701092,Guardian.,84,223,2315928,60
1576708425,Kingatala,21,1,9969,304
1576716861,vincent325,0,5,4000,531
1576770016,jeriksson7,0,5,4000,532
1576784288,JP501,139,197,2012943,63
1576784985,Der+Mash,106,1608,18835145,9
1576799131,JokerJack,341,57,428880,101
1576813751,xGunners,361,10,68105,167
1576822887,Rhaenyra+Targaryen,0,5,4000,533
1576834227,vandecan,0,1,951,675
1576834908,yakra,299,34,331783,111
1576840710,mpaxala,0,3,2400,647
1576862421,LetsGoooo,0,5,4000,534
1576863915,lubenko1,26,35,226496,121
1576865444,xxXlordXxx,0,5,4000,535
1576865900,PummeIeinhorn,184,1717,20243753,5
1576866482,Kage,0,5,4000,536
1576872907,KingOfAustria,0,5,4000,537
1576878361,judojannis,0,1,800,686
1576880392,stefan1809,261,1,9729,307
1576887003,fritzethekiller,0,5,8249,325
1576887672,Bierzeltboxer,253,465,4593630,47
1576891173,Lady+Thea,0,5,4088,432
1576898361,cHucKy+oO,0,5,4000,538
1576898877,HerrdesfeuerisOP,295,59,229666,120
1576905485,Rekagexeze,0,5,4000,539
1576915527,midland,0,5,18665,247
1576918398,Tobixkx,0,5,16011,267
1576924702,Glas+voll+Dreck,0,5,4005,494
1576932853,KronenEx,306,1,5115,370
1576943048,sirandy2,343,13,36286,197
1576957930,LordBembel,0,5,4362,398
1576960704,Aniwrett,0,5,22751,223
1576964247,xRollstuhlcowboy,0,5,4453,392
1576966789,NotoriousM,36,2,19025,243
1576975150,Blzkrieg,210,19,50140,178
1576979193,K%C3%B6nig+Luks,348,24,87436,158
1576980308,BrockLesnar,348,70,348582,108
1576988716,Sami66,0,4,3240,618
1576989645,st.+Patrick+.1,194,18,159648,129
1576997370,Lord+Bierbaron,62,1,4011,481
1577000972,AutenSt,0,5,7508,331
1577004394,End-.HIDORI,184,222,2298581,61
1577006439,Lederhosenjunkie,0,5,4000,540
1577006855,General99,241,291,2861442,57
1577009848,Kari69,31,456,5147025,43
1577010286,AldafaddaTv,21,1,10445,299
1577013509,OliWer,84,302,2905040,55
1577014297,weedstar.-,40,6,57150,170
1577016873,FloFauli,62,11,39044,191
1577016966,dtothev,0,5,5609,353
1577019149,ZweiMuskeltiere,0,1,800,687
1577028442,Bluedelarion,0,5,4098,427
1577034875,Verteidiger-,0,5,4000,541
1577040214,xmu719x,0,5,4000,542
1577043583,JSCG-Freak91,0,5,4008,490
1577043732,WolfClaw,62,6,17943,253
1577047925,Saurfang,106,1991,23316954,4
1577064562,brauner,207,5,18399,249
1577066880,Alphak3vin,38,406,4162096,48
1577066955,FruityBanana,0,6,25047,220
1577067841,jogy59,0,2,2441,643
1577072292,der+j%C3%A4ger,196,35,361349,106
1577076297,Cali,48,188,1930510,64
1577076417,MatzeOD,299,20,159620,135
1577080237,Hausmeister,0,5,4616,384
1577081317,Einstein,194,130,1324619,73
1577081797,Puschl,0,1,2961,633
1577088194,luli96,0,5,4000,543
1577091009,DerPapa,0,5,4000,544
1577092404,cab.thomas,0,2,1850,660
1577092800,Trick,126,3,29341,206
1577093582,Haima07,0,2,1600,670
1577095727,dogan,75,571,3767875,50
1577095934,Ivan-der-Gro%C3%9Fe,0,5,4010,484
1577097827,InCreDible,0,2,1624,664
1577102100,JustPerri,0,5,4070,437
1577106052,Creset,0,1,800,688
1577108311,Tante1,0,1,9944,303
1577110617,King-Prawn,0,1,800,689
1577113388,bosenbo,0,5,4048,448
1577118350,WorKBooN,0,5,4490,387
1577121208,JonathanWick,76,15,90921,152
1577123508,H1LLe,0,5,4000,545
1577134183,Kollegah-Orbit,0,1,6753,340
1577136457,BlackPanther411,253,556,5762741,40
1577137875,checke12,0,5,4000,546
1577138412,Sven+1974,348,6,17840,255
1577146056,amliw,0,5,4000,547
1577147774,Krieger3,0,5,4000,548
1577150104,Lil+Trump,38,477,4982265,44
1577150258,philipp206,75,205,1717650,66
1577150723,Wanna+Play%3F,253,737,7314115,33
1577151636,NunNunArbeit,194,28,220788,123
1577151790,Schnueffel,206,3,16861,263
1577153814,Christians4,0,5,6734,339
1577160968,H.D.W.,0,5,4095,429
1577161400,D0nJ0n,0,5,30837,204
1577164391,Lx+52080,0,5,8995,317
1577164549,salz1,255,26,258723,117
1577166631,Kimahri,349,1,3401,612
1577166714,Rageshot,0,0,0,700
1577167192,nisiko112,32,4,39662,189
1577168419,Marckmo85,0,5,5187,367
1577169033,Hertipa,251,2,19660,237
1577171692,DasWarsMalWieder,0,5,8980,315
1577173551,Y.U.N.O.,38,618,6287775,35
1577174730,KUMMER,0,5,4000,549
1577175881,Inosuke+Hashibara,253,665,6503097,34
1577176587,Vindi,53,4,39140,190
1577180515,Lord+xADTRx,0,5,3929,604
1577185700,newman2,274,169,1138558,76
1577188570,CostaFastGarnix,0,5,4065,440
1577193163,raucher+55,352,22,110777,142
1577199912,Konermanm,0,5,4235,411
1577202412,DeffKnacker,328,1,8791,320
1577202485,Easycz,118,12,46156,185
1577202641,airwalks,0,3,3294,616
1577203758,Royaler-Goku,62,7,20402,231
1577207097,CRUSHER2020,60,3,26230,215
1577207819,SkyzZeK,0,5,5960,349
1577210072,Pedro91,0,8,41470,188
1577210495,MHFrenki,0,5,4000,550
1577217044,colonel.kurtz,0,5,14322,281
1577219997,Pocahonta,241,97,1000309,78
1577220285,Slicer,0,3,5524,358
1577220306,Bowlinghead,0,5,4052,444
1577221903,Le+SHOOTE,0,1,800,690
1577223301,Der+Semmelgott,0,5,17584,257
1577224982,Dar4wor,0,5,4000,551
1577228216,homoSuperior,0,5,4000,552
1577228971,Vylo43,0,5,4005,495
1577229213,Troojaner,0,5,4000,553
1577231474,Benschmi,0,3,2451,642
1577232759,buschbanker,0,5,4010,485
1577234466,emarcel14,0,3,2400,648
1577236658,thom1405,0,5,14000,283
1577237631,dersechsundvierzichste,0,5,4466,391
1577238246,BlackAngelRV1,0,5,4039,457
1577238409,mcemy,0,4,3200,625
1577240328,Zorn666Roeschen,362,13,53872,174
1577241654,Gone,0,2,2791,635
1577243870,K%C3%B6nig+Michel,0,4,12505,289
1577245660,Moloo,0,5,4000,554
1577247181,.Nicosta,0,5,3921,605
1577247956,Acc+Name+ist+mir+EGAL,106,319,3180111,54
1577248256,Tharwen,49,8,28391,210
1577250846,Gumble1983,84,20,93769,149
1577251928,Kylar,0,2,1634,663
1577253445,ttvHellDeagle,184,631,6058732,36
1577255903,Ricoe,0,5,4000,555
1577256496,Colour,0,5,4000,556
1577258225,Ottoman20,0,5,4000,557
1577258428,Splix,0,5,4000,558
1577259257,tyrannokid,0,5,4014,471
1577259640,jeff2939,331,4,6374,342
1577262284,Yami+Sukehiro,38,758,7656299,30
1577262566,Normdeluxe,0,5,4688,380
1577263354,Sams1312,189,164,1597246,67
1577264081,Ho+Li+Phuc,0,5,4000,559
1577269415,Kairon,0,5,4000,560
1577269505,Niffelheim,259,5,53687,173
1577270069,Vegau,0,5,4319,402
1577272201,RR420,0,5,4000,561
1577272530,Barber,295,3,11593,292
1577275055,Superbene100,0,5,4000,562
1577275822,deepvice,0,4,3210,621
1577277200,oliver7393,343,36,142508,138
1577279094,fromme+Helene,241,58,578978,88
1577279310,NoLimitx3,0,5,4400,396
1577280431,viking-vitali,364,7,24533,229
1577282143,Lady+Lady+Star,0,7,46447,184
1577282884,AbuuJauii,0,5,4000,563
1577284506,Bolpe123,110,8,21142,227
1577285125,Ferdinandt,295,1,4981,372
1577285580,Voge29962,354,28,183915,126
1577286037,tsch%C3%A4nges,0,2,1663,662
1577286311,Ten3patnej,0,5,4046,450
1577287163,Gremio,0,5,4013,474
1577288930,Turbotop78,0,5,4000,564
1577289495,Mad+Reloaded,0,5,6223,345
1577291817,matze1608,0,5,15145,273
1577292586,next432,0,3,2636,639
1577294002,DarJan,62,25,162324,134
1577294248,woitscha,196,2,16575,265
1577295163,cheatsricht3r,0,5,4012,478
1577296779,Overskilled,184,333,3576879,51
1577299272,valley94,0,1,810,682
1577299467,Spartakusskuss,306,13,81597,162
1577299713,Skutchi,0,3,5157,368
1577302728,Detroit,0,5,4000,565
1577303587,lange89,0,5,4010,486
1577303767,Chango1904,0,5,5567,356
1577304732,yungchristus1998,30,3,2400,649
1577305074,NBiggi,0,1,863,679
1577309820,yuyan,331,6,20298,235
1577310144,DerEchte97,0,6,32868,207
1577311182,Riegeros,253,772,8057612,29
1577311315,flexx1,0,3,2400,650
1577312149,BallernwieBananen,48,6,50755,177
1577312154,MrJoy,206,14,62456,168
1577313792,Stratege+Lukaschenko,0,5,4000,566
1577314890,marc20,110,5,25686,217
1577315888,TekkFreak970,0,4,5560,357
1577316045,Elendil,0,5,4000,567
1577317599,Leonitas,0,5,4091,430
1577318280,piet907,0,6,20368,233
1577318374,Farbtopf,21,8,85391,157
1577319091,Bayernbua,0,5,12550,288
1577319276,alosh,0,5,4000,568
1577319762,Ebets,0,5,4051,446
1577320357,hotcatxxxx,0,6,18852,245
1577321933,-Bohnenfurz59-,0,3,2400,651
1577322234,Aasgeier,0,5,4000,569
1577325085,Armenius02,107,1,921,676
1577325741,Pole647,0,4,3593,607
1577326573,Xyros,30,4,17612,256
1577327211,nicklas,0,5,4012,479
1577327700,KaldyIndustrie,0,5,4140,422
1577328871,Paad93,343,5,14797,276
1577330366,Deathcogl,38,236,2352093,59
1577330489,schroppi,343,5,4473,388
1577330572,SlickShootaz,0,5,4000,570
1577330753,dufecam,0,5,8690,322
1577331373,Ludwig,110,5,4690,379
1577331505,Jiggy420,0,5,4000,571
1577331787,Korl,299,3,28131,211
1577332526,FlatEric73,266,71,676249,85
1577332528,Lord+ChrisKringel,358,5,7391,334
1577332569,Kingsesch,200,2,18898,244
1577333392,Pipo,253,1663,16750476,13
1577333880,Zaabbll,210,16,85597,155
1577334442,LassmalliebereinBaun,0,5,4000,572
1577335096,ElBlindo,0,12,60572,169
1577335989,Kapit%C3%A4n+NachtBonus,126,5,45927,186
1577337753,Garos,0,5,5345,363
1577338279,kaiserde,0,3,17008,261
1577338655,babuli,0,8,37937,193
1577339237,W1ll1,0,5,4000,573
1577339250,Alkoholleiche,184,1588,15410601,14
1577339471,xXGEFKikiXx,6,110,953514,82
1577340097,Dinyo34,62,9,48534,179
1577341606,n8chtfalt3r,351,5,14777,277
1577342669,Xampih1,0,5,4000,574
1577343225,winch2,295,7,4207,413
1577343731,NamenloserRandom,184,406,4114346,49
1577343940,DieMoehre,106,1919,19449840,6
1577344594,Bln36,0,5,4000,575
1577345915,Michaela74,248,5,26899,213
1577347822,Benni97,69,46,318061,113
1577348043,adiga,151,63,578463,89
1577349820,mopfmopf,126,3,15860,268
1577349822,spinnrich,123,31,312341,114
1577350386,FightingFarmer,0,4,3317,615
1577350572,Selfmadehome,341,19,48080,181
1577350591,shark64,6,159,1121643,77
1577350760,add1982,341,7,42926,187
1577351604,Burg+Hohenzollern,84,3,30596,205
1577352381,gurken,38,1336,13953697,15
1577352539,Kevvko,139,3,28084,212
1577354030,Der+Boi,253,786,7370861,32
1577354521,RomanTicker,365,5,9993,306
1577354584,Kaiserpinguin,253,1560,18351520,11
1577354910,Pepper84,0,5,4000,576
1577354916,Galin44,0,6,15313,271
1577356681,SirLukas1903,0,6,18793,208
1577357219,ichgz,0,2,2201,657
1577357341,Sadao+Maou,0,5,4046,451
1577357504,black+shadows,6,422,3501750,52
1577357610,Money8224,200,68,524686,91
1577357674,Jonnycash,279,32,289042,116
1577357764,ordu5252,0,4,11476,294
1577358709,BoxBoxx,38,1389,13204476,19
1577358923,JonSnow98,6,141,1334928,72
1577358946,Tormund98,0,5,4409,395
1577359147,Don+Quixote+Doflamingo,38,774,8079326,28
1577359169,Gnoooom,0,5,4000,577
1577359989,Dschanine,274,6,25589,218
1577360067,Master+666,207,3,9605,310
1577361171,chemieboy,0,2,1600,671
1577361416,chuffz,0,5,4038,459
1577362137,Calle95,0,5,15584,270
1577362320,Neroki,126,20,162851,133
1577362663,nicy,26,54,517113,92
1577362726,Andy+200080,26,23,224995,122
1577363106,blackops,69,2,19115,242
1577363741,Foley,154,133,1365683,71
1577364025,philbort,48,732,7417921,31
1577364096,BREEZAR,213,61,606289,87
1577364242,D4rkzzz,0,5,4000,578
1577364295,Eisenhauer,248,3,8376,324
1577364347,BlackMoon15,47,38,351927,107
1577364573,gibihn,0,5,4000,579
1577364782,hammel,0,63,445573,97
1577365221,Wieti,0,5,4885,375
1577365537,Earos,48,1361,13538917,16
1577365622,Lance09,126,56,540073,90
1577365712,WhiteEinhorn,110,3,22247,226
1577365778,smole1807,0,5,4000,580
1577365915,manasa,0,5,4000,581
1577366595,Lord+Pqnda,0,4,3200,626
1577366809,Dogfaceghost,0,4,4422,394
1577366914,Octavvian,341,15,131544,140
1577367086,Keller1994,284,2,15687,269
1577367152,sandra,325,5,16852,264
1577367161,lutetia,173,1,2389,655
1577368774,KabaCow,0,5,22926,222
1577368948,B4rit0n,198,20,201275,125
1577369137,angiego682,0,5,4000,582
1577369434,CraNk%2A,0,4,3200,627
1577369485,sword1503,198,12,88814,153
1577369652,Pi32,62,5,6145,347
1577369874,Bette11,210,1,1207,640
1577369967,ZuUuLuU,343,39,376335,105
1577370216,tayfoxi,0,2,1756,661
1577370503,DennJoo,333,53,334201,110
1577370644,Luke1997,0,5,4000,583
1577370842,Melim,0,5,4000,584
1577371700,Landor2811,0,5,4130,424
1577371878,philx09,0,5,4158,418
1577371967,tititata,0,5,4000,585
1577372025,hisomatak,0,3,2400,652
1577372135,niner,173,109,394046,104
1577372544,ungustl,0,14,70108,166
1577373094,yungcozy,0,5,4044,452
1577373238,King+Rio,0,5,12850,286
1577373346,JonSnow,0,3,3439,610
1577373380,werike,207,8,46450,183
1577373389,evi777,0,5,4000,586
1577373560,mugetsu,210,5,36312,196
1577373610,bnnsh,323,8,92600,150
1577373674,Falrach,207,165,1267179,75
1577373693,Kleeblatt3005,200,4,6327,344
1577373757,Nero56,349,1,5274,366
1577373916,ludie,358,3,10829,296
1577374065,Hahahawitzig,0,5,4012,480
1577374165,H-Dorn,0,2,2054,659
1577374334,Ameise431,0,5,4000,587
1577374847,DaniStu,0,1,893,677
1577374867,SRSD,334,64,434649,99
1577375133,mtkGott,0,1,800,691
1577375186,DSmanager357ttv,206,11,91723,151
1577375422,Woutii,0,5,4079,434
1577375502,-Keks-,0,1,800,692
1577375673,Menzo7,107,65,460105,95
1577375703,Hanniball78,331,26,107267,143
1577375956,Abed10,0,2,1610,665
1577376027,Back2theroots,0,5,5328,365
1577376475,Finsh,0,5,4087,433
1577376574,scarface,0,3,2480,641
1577376826,ZHENJA,0,4,3200,628
1577376835,Big+One,200,5,7857,328
1577376842,Eckbert98,0,4,3423,611
1577376843,-+Supply+and+Demand,0,5,4040,456
1577376960,Sirgray,0,1,800,693
1577376998,Hernandez,198,6,17069,260
1577377007,Tomy,0,5,4000,588
1577377036,treuemann,206,84,411200,102
1577377037,blabla333,0,5,47864,182
1577377062,Lord+Kenny,343,33,167990,130
1577377244,Bushaus,0,5,4000,589
1577377285,Phalanx3,0,4,3200,629
1577377320,JensBob91,0,5,4000,590
1577377332,rel2e,0,5,4024,466
1577377382,toxa-130,0,2,1610,666
1577377387,Sparki,0,2,10339,300
1577377389,EmmaDuck,0,1,800,694
1577377427,Marcii1997,0,5,4064,441
1577377432,Joohannnes,0,5,4010,487
1577377518,black+robe,0,5,4000,591
1577377575,uncas2,0,1,800,695
1577377661,Lady+ros,62,3,18618,248
1577377674,xXDreadXx,49,2,14505,280
1577377684,K%C3%B6nig+eisen,341,5,4008,491
1577377719,K%C3%B6nig+Luciano,0,1,978,674
1577377879,Basti456,251,4,8928,316
1577377934,impact,0,5,4000,592
1577378004,Apfelsirup,0,67,446971,96
1577378017,ZeusZorn,0,5,5954,350
1577378090,Sir+Wulf,0,5,4470,389
1577378200,KanniBahle,0,5,7915,327
1577378205,Joschix10,84,5,9389,313
1577378255,Muurphy,0,5,4060,443
1577378334,Benjamin97Mb.,0,4,3585,608
1577378407,DaniWestSide,306,5,37707,194
1577378442,LBraiNK,0,3,2692,638
1577378478,Cockser,0,1,989,673
1577378523,Icetiger11,0,3,2400,653
1577378552,Nukez12,0,5,4013,475
1577378564,ErzAssi,49,5,7702,329
1577378576,p00rs0lid,0,5,6774,338
1577378629,LOLCity,0,3,9464,312
1577378654,Matze30%C3%A4,0,3,5592,330
1577378706,Greentube,206,6,17445,259
1577378724,klein,0,4,3379,614
1577378764,zyzo,0,18,101391,146
1577378773,Borsti1505,0,5,4073,436
1577378820,Zwynker,0,3,2400,654
1577378918,the1king,0,5,4259,407
1577378952,SucukEater7,357,5,4430,393
1577378958,inqfx,0,1,800,696
1577378970,cobracv,0,1,800,697
1577378975,halina24,0,5,4000,593
1577378985,shpyderboi,0,5,4000,594
1577378996,Koli.N,0,4,4692,378
1577379002,Yall.T,0,5,4014,472
1577379031,72hrs,0,5,4230,412
1577379093,TheKeLcHeN,0,5,16240,266
1577379157,WhoRainSons,0,5,4034,460
1577379215,NicoOno,0,5,4014,473
1577379252,Hodenschopf,0,4,3200,630
1577379269,Bierflasche,0,3,2863,634
1577379406,ichbins100,0,5,4332,401
1577379424,Basti0585,0,2,1600,672
1577379459,Pandown,343,5,6892,337
1577379549,fozerol,0,5,4048,449
1577379561,ko3661,0,5,4039,458
1577379579,dodi133,173,5,19379,239
1577379585,alosh.ksa,0,4,3200,631
1577379622,Tobee97,0,5,4666,381
1577379632,K%C3%B6nig+Markus,0,5,18378,252
1577379647,gjkl,0,5,4000,595
1577379686,kapsi,363,5,5036,371
1577379696,andy17423,110,5,36145,198
1577379698,Flotschi92,363,5,4147,420
1577379701,Domi2211,363,5,4931,373
1577379814,cartel,0,5,4000,596
1577379820,Knecht+der+1,0,5,4010,488
1577379946,Aquos,0,5,4000,597
1577379972,NewRisingx,0,5,4069,438
1577380024,kazudaki,0,5,4067,439
1577380038,Trabii61,0,5,4000,598
1577380055,Schneemann,0,5,4000,599
1577380058,martin1997,334,5,6991,336
1577380083,ELTRQO,0,5,9661,311
1577380230,burak81,0,5,4052,445
1577380241,DerKaiser80,0,5,4000,600
1577380269,BlackGiant,0,5,5419,360
1577380280,Madara9289,0,5,4197,414
1577380328,maassii97,0,5,4013,476
1577380498,Kks123456,0,5,5440,364
1577380514,lulatsch7,0,5,4187,423
1577380527,Siranya,0,5,4074,435
1577380550,Papa+formigas,0,5,4000,601
1577380564,Killer-auf-Jagt,0,5,4032,462
1577380583,Shantrix,0,5,4008,492
1577380604,Piotrek.26,0,5,4000,602
1577380612,Goldmakrele,0,5,4002,496
1577380622,k7yxc,0,5,4008,493
