1211,amigote,214,772,7337712,26
8735,Hary,76,11,114240,913
9178,Eric,933,14,140081,851
11451,birax,16,137,1375465,248
17024,Angie,0,1,62,2093
17060,lanschy,175,20,173152,788
26805,Hauke2,685,26,264293,677
27625,The+Hulk,888,9,84838,978
32583,Sir+Dodge,264,122,1214077,283
37858,iceman587,148,230,2073989,177
49559,ARTHURIUS,368,120,1250524,275
52534,roter+rabe,228,9,85300,975
54902,werner571,282,1,10003,1616
55121,MGDriver,36,24,202824,755
60416,Skally,0,11,97680,948
60462,framichel,264,38,345596,605
61293,Splash85,0,1,12214,1509
63318,sharkbit,56,666,6535390,37
86409,.%3AGandalf%3A.,791,108,1007252,318
88054,Gaoyong,0,1,9373,1664
93566,dark+blade,799,24,240466,703
96551,Lord+Bergi,56,524,5153973,59
98114,jerry77,935,7,25191,1319
107340,cyprus,40,561,5498455,51
111003,the+dark+kasa,56,869,8566806,12
112157,RiddleAura,40,696,6888764,30
116695,Pistole,0,1,9123,1679
125406,The+Real+Poison,0,14,138086,855
128761,logos,874,1,8705,1696
129229,Landshut,264,96,917023,344
129353,Spaki,171,105,1071228,306
135446,zoro51,0,1,10102,1604
139600,Stahlherz,0,1,10953,1556
149706,.shark.,34,37,364658,588
158735,Jaspar,0,2,10321,1590
162354,Dreas,537,5,46654,1158
168411,Kibitz,112,141,1414082,242
171619,Sancerre,328,176,1761970,206
174656,Mulno,679,2,16867,1448
174728,M%40dm%40x,49,768,7706127,21
187349,Beaty,143,1,12314,1503
193940,Siedlerfan,0,10,61749,1072
204035,Engel+desTodes,264,71,650822,426
208788,spacebaer,525,42,414806,559
208949,WhitePanther,0,2,7138,1744
211112,mausiii,62,330,2927278,121
214551,dhom,0,4,28763,1293
225970,stortel,0,1,10894,1558
228573,Makiavelli,525,14,121037,894
229943,eisbear,491,18,180321,778
236479,Schneehaserl,148,107,959705,331
238963,VincentVega96,618,4,30144,1271
246804,sunny123,0,5,50240,1135
257785,Micknick,617,370,3708941,89
270198,Bomber83,0,2,12211,1511
271549,philos,395,139,1329567,262
272442,Hubi+1st,258,156,1438354,240
290131,Biggilein,716,6,43078,1184
297834,don-Pizza,149,16,137804,857
300370,Tom+1,0,6,50842,1130
312052,ABLT,0,4,11042,1551
314739,sCr%7Cup%21+aKa+L3%21Tw0Lf,952,1,1004,2061
319612,juescha13,175,1,10257,1596
323787,bjoernnr1,972,12,120312,897
330523,Guido71,0,4,33001,1243
339337,Kehrmann3,799,3,30588,1260
341693,DexY1984,0,5,54457,1109
344194,enso,56,841,8091977,15
349394,Minago,868,4,41021,1199
349928,Maniche88,0,7,56588,1097
353237,Esra,175,25,159433,810
364995,Battlemonc,112,145,1270353,269
365629,matze523,507,18,152132,824
368877,karatekid1,86,26,231426,714
393593,Pipifax-alt,0,1,9219,1677
395256,hannes1993,0,2,11696,1531
401979,nicky+butt,0,8,60202,1083
408182,PunisherVIIII,956,1,10505,1574
409814,Skybuggy,112,16,142850,844
411531,S%C3%A4ggel,0,1,5297,1773
415316,Florian+251,956,1,9762,1638
419042,fsb1,0,2,18221,1425
419661,SnoopyPilot,478,13,130189,871
438481,pharmazeuticus,10,21,213985,735
444873,raiserle,0,16,92925,956
450011,Delta371,147,19,188386,770
450043,AlleNicksVergeben,958,4,29778,1278
452454,IstIrgendWas,40,182,1765389,205
458163,StoopChunk,0,1,4807,1780
464541,Tajao,952,1,797,2066
477421,skareb,0,3,19574,1394
479924,DerJoerg,0,1,11245,1544
484349,dschon,801,184,1908239,189
495404,lover1,0,1,9709,1640
495870,k%C3%B6nig-mirko,264,71,699213,406
503104,mefatoso,148,148,1482812,233
508684,hanibal23,838,6,58256,1089
511510,Geri185,34,12,140827,848
514223,monno,938,1,11748,1529
521016,katerle70,40,686,6870294,31
526715,Landry,0,4,30994,1255
539057,KeyG,699,12,105052,930
540087,Alexej23,395,19,169767,794
567856,Condor+der+Gro%C3%9Fe,0,1,7332,1738
589427,Boreas+erchom%C3%A4,0,1,8188,1719
589615,cobra39,522,62,429990,546
599174,jp11,512,14,144304,842
601124,Fichtenflitzer,932,1,10397,1584
604561,Birgit1965,505,7,70163,1038
612742,tron64,154,326,3221012,106
612800,Heinz+Wink,0,1,12613,1494
614330,Filippos%2C+der+Gro%C3%9Fe,375,8,48983,1142
644739,Mr.Orten,0,1,7936,1724
652956,-Consti-,799,8,79420,997
656703,pergola,0,6,55883,1103
681310,Conjack,516,9,30533,1263
689628,JoE+Bearcreek,214,187,1694305,213
703632,matze171189,695,11,99357,943
710149,gus06,691,15,138126,854
724844,Hans+Wagenrad,368,32,240812,700
725976,Schr%C3%B6d,791,124,1233157,279
725995,dj+shout,76,35,363356,590
731731,Lord+Schatten,642,29,264522,676
732764,Grumbel,0,3,21430,1355
748104,Willy+der+starke,0,1,9330,1669
757936,Terranovese,516,1,10292,1594
764805,zirapa,0,1,6657,1748
782862,Halstenbek,878,1,10067,1607
809192,Omni-Man,148,88,856744,365
809354,Hennessy,294,36,351224,597
820319,Robert+Burns,419,3,23988,1334
821272,%21%21YMH%21%21,67,12,110265,921
824743,Lord+Floh,0,5,42338,1189
844458,Larb,0,6,43789,1179
860779,J.S.Bach,371,1,9440,1661
866518,tatanka-yotanka,0,16,146185,833
866832,%2AAngel1703%2A,88,41,379115,580
870268,gem1,49,237,2472326,148
875747,GraueEminenz,628,48,493535,503
879345,DerFriedvolle,214,94,941785,334
886370,Wolle-58,147,21,154767,818
894323,1475,214,49,494122,513
897211,hase31,279,9,69378,1043
902335,luna2,258,44,412236,564
903724,Sid43,327,20,188836,769
906011,Diega,505,5,39791,1207
908180,Kuschelb%C3%A4rbiw,88,16,172042,790
908297,toni+5900,505,1,5368,1771
918168,Soldat+Roms,0,1,9624,1649
926732,Connor123,214,564,4930370,64
934829,marry-ann,258,257,2433899,152
935200,Karamelbonbon,56,730,7449109,25
939947,yfrey,0,5,47165,1153
940772,Jawion,67,188,1719032,210
941519,bibi100,0,3,8819,1691
947376,bigboy01,0,1,8168,1720
948372,Pitkhan,76,16,160505,808
953136,Nim2,973,1,3904,1990
957722,wolle40,956,1,8350,1711
967089,TT-MS69,46,469,4026850,82
971259,totward,478,205,1835183,196
988499,ElisabE,16,506,4915943,65
996347,Feuert%C3%A4nzer9999,40,419,4033696,81
998056,shiva+10,112,78,661809,423
1000553,53Herbie,967,10,70823,1032
1008541,bruesseliese,767,14,120594,896
1019948,ohura,600,6,18619,1420
1037356,rudired,78,48,480000,523
1044752,weisi3,67,54,513879,495
1048572,metlix,371,16,128643,875
1061536,King+Yannik,0,6,54984,1107
1065350,Die+Sow%C3%A4ltsche,46,394,3709402,88
1080223,alte+wolf,491,17,46207,1160
1086567,trekman,0,5,27692,1302
1094420,Korn85,264,45,441344,539
1096027,valentine2,69,467,4651790,70
1106719,Jackysuffer,0,1,5643,1764
1113238,schnapsnasenhai,175,84,677675,414
1124198,waltych,450,3,20187,1377
1125583,Mickylein,67,104,747318,392
1131387,Mkoll,685,37,365818,587
1162413,aufschwung,0,40,406972,567
1176926,PSP-Player,40,350,3248735,104
1177794,zambo320,0,13,136814,860
1185684,TheFireOfLight,46,989,9907855,6
1194311,codename+Josephine,39,1,9792,1635
1194313,Celine+B,793,2,13938,1470
1195514,Szebo,10,77,758732,391
1196141,Kaiens,412,64,627324,441
1202788,ALEXWAF,553,4,31555,1248
1208750,Cliff+Allistair+McLane,67,148,1450352,238
1211055,Cataleya1,25,147,1458446,236
1274350,Eisenbein,368,46,450113,533
1296370,Tanitha,154,11,109440,924
1301486,xXEaTThatXx+08,930,103,999479,320
1314835,agentmulder,0,2,19465,1397
1317679,Schatten+Clan,793,4,39824,1206
1318153,Scaleo+H1,0,2,16873,1446
1321139,Tashunka,0,8,52850,1115
1329319,skipistensau,25,172,1677970,216
1330451,Memphis+bluie,0,1,9640,1646
1344079,new+era,69,12,142688,845
1345224,PeMaOpilio,67,137,1169500,290
1352259,piranha10000,952,1,4426,1788
1355157,Siedler1997,793,2,19954,1384
1356874,Panda66,10,97,1034143,314
1364270,HoffiHst,0,5,50115,1136
1372342,alsi+der+schm%C3%A4chtige,36,14,133793,864
1374571,Black+Dragon+1984,0,1,8207,1717
1375412,ulrich-ag,49,368,3602736,93
1387059,henny95,372,2,19605,1392
1387724,cocodecoc,0,1,154,2091
1406110,Kaus10,0,1,3117,2017
1406771,Powergirl+4ever,553,2,17168,1442
1407926,SIR+JEVA,39,3,23641,1336
1442482,ThanaTos3k,171,80,787815,384
1447921,AM-Paulchen,767,9,79898,996
1451141,Herle,395,24,215869,732
1452157,erthquake,0,6,59514,1085
1457530,J%C3%B6rg-Hans,112,62,607117,455
1458914,Mario+1986,0,1,13463,1480
1461073,mikelee,285,2,20794,1366
1466711,promozion,67,172,1676295,217
1467315,sebi+s,0,61,578606,464
1468756,Pitsnake,0,6,56310,1098
1469657,tabasgo1,0,7,71137,1029
1471481,XxDiegoxX,171,153,933066,336
1492377,Desert+Fox,294,25,261620,684
1492908,Indianola,10,57,551770,480
1493164,RINGLER,930,311,3089169,110
1497019,Sharkmore,148,138,1356724,249
1499500,Skyair,934,1,12237,1506
1518938,udo+b,605,29,286386,654
1537497,kardinal6,86,14,119465,900
1538998,Unbesiegbare1,34,44,431974,544
1591268,dragodriss,799,19,183296,774
1613090,the+zocer,947,6,50970,1126
1625740,Wie+ich,699,12,75534,1013
1626145,Dogmen,0,7,43348,1183
1630041,%40Platoon%40,0,5,50322,1134
1637531,klaudesi,0,1,8765,1694
1639634,Wylaryzel,34,46,448399,534
1641637,0d3m,40,718,7004456,29
1643095,burni47,525,7,68298,1048
1655530,IckleRonnie,0,1,10369,1587
1657908,NOMINE78,525,142,1366072,250
1661507,S-ScheLL,124,21,202410,757
1664238,PzAufkl%C3%A4rer,721,5,45895,1163
1670892,llarissa,525,64,639141,440
1671427,King+Kerberos,685,11,110874,919
1684536,elke110,361,14,112015,917
1689796,Gandalf+Silberbart,132,22,263559,679
1697725,Speedmaster1991,403,8,80180,995
1706306,Martinius82,793,10,74982,1016
1706835,Biker750,36,199,1903128,190
1707742,Erzengel-%2A-Raziel,371,37,276465,665
1709152,Klohner,327,25,245630,695
1711657,-.ShocK.-,147,55,561293,474
1724712,MiMaBe,258,90,555935,476
1725309,9PRF,395,41,402456,570
1728057,Playa+Bouys+Vernichter,76,33,326159,617
1740783,Larrin,69,148,1476293,234
1748502,maik1974,942,2,9401,1663
1760318,CCR1,818,3,28886,1292
1783195,Komander-Inge,791,2,21455,1351
1822370,glaskopf56,132,4,33857,1236
1823376,Nitramuss,0,2,18684,1418
1867228,recep27,828,27,236562,705
1868684,TUSI+LULU,175,28,278249,661
1883261,Newdad,112,40,400449,572
1896271,x236,930,249,2495456,145
1903840,Tom+van+Elohim,10,15,150976,826
1909297,growerking,171,67,665717,417
1914735,Angel1977,947,12,73401,1020
1925146,Oberlin12,49,864,7878361,19
1925420,kuno+03,368,87,791328,383
1932859,Mitron+von+Mandor,171,142,1076523,305
1933708,asti01,368,22,203636,751
1938959,Mecki96,709,2,22659,1344
1944959,MerkurHB,0,6,58366,1088
1955772,kagraner,0,1,9261,1673
1956243,nistor,0,1,12164,1514
1958261,Dragon53,0,2,17505,1438
1966463,bruno+der+b%C3%B6se,143,7,56910,1092
1972377,Whitas,0,1,9317,1671
1993457,Pfeffi1,0,2,15357,1462
2003379,dennis+kr,0,6,49351,1139
2009975,Miezmaus,412,8,96962,949
2016554,NobodyKnown,407,1,3681,2006
2033332,Stammmeister10000,39,36,356173,594
2033355,Malleeeee,175,58,483872,520
2042768,wotan27,148,185,1778058,202
2051862,d%C3%A4+caro,36,53,499317,508
2060765,D.K.W.,0,60,504678,501
2062749,St.+Rike,36,71,674869,415
2067883,ElfeNaseweis,407,1,6336,1755
2076582,die+B%C3%A4rtigen,0,1,9483,1658
2078242,Flo+Hoege,238,3,35758,1226
2085318,Efe.Torunu,760,1,9250,1674
2086245,Fietello,525,6,55871,1104
2088879,Ringo813,0,1,8052,1722
2093220,Aenderlalue,802,21,165454,801
2106297,Black+RAven7,375,33,330288,611
2106875,andi0273,0,1,9807,1631
2107803,Hkiker,0,3,29515,1283
2108124,von+verl,371,3,17346,1441
2110165,sir+franzl,46,943,8540788,13
2130884,thokem,112,131,1268405,270
2134979,ullner,961,9,55895,1102
2147283,mada07,0,4,37132,1215
2148643,Der+Ruhige60,88,69,691539,408
2155735,Hawat,39,9,69102,1045
2160809,Wulfmann,419,8,70441,1034
2184767,chania,264,114,1109448,301
2219529,Herly,860,1,595,2075
2220214,Japo1,395,17,177005,781
2223103,Greiff69,0,1,701,2070
2224563,EC135,148,261,2289796,159
2247494,Chris260296,360,1,10029,1610
2248983,-manfred,46,319,3219937,105
2266248,DuRindvieh,39,1,2236,2040
2268241,sherazarde,88,39,405819,569
2269847,Lord+Tomious,0,1,9776,1637
2285590,Tabrina,327,4,46722,1156
2295812,Traumarto,830,2,13633,1477
2299139,kadeco,407,9,82175,987
2326120,Elmshorner,0,16,153266,822
2326870,Foiny,799,26,263197,680
2328781,pokerman,928,10,114462,912
2342210,D%C3%A4monenk%C3%B6nig,371,9,73658,1018
2347529,ASTRA+23,371,6,41599,1196
2359175,gisispock,419,3,11591,1533
2367084,zetti72,112,106,924383,341
2376893,Ducky1983,375,203,1522749,227
2387392,nico+bonito,112,115,1183164,286
2404557,ritter+patrick,0,2,19326,1401
2412701,Pippiar,171,249,2563878,137
2419698,Kendo1,721,22,163691,803
2425009,turtle4711,525,3,30040,1274
2427964,homboy-frank,896,6,41542,1197
2433457,mcnish,0,1,12214,1510
2444984,Bauernsepp,729,1,10242,1597
2445369,The+Last+Legend+207,0,1,10653,1567
2459992,EXiTus,960,3,13814,1476
2471620,El+Shit,522,282,2467924,149
2473852,Anlauf,328,138,1329853,261
2504443,FerryVienna,516,7,53552,1113
2517384,Albertus+der+Depp,279,25,250475,692
2521790,K%C3%B6nig+Thomas1,258,64,547189,482
2522339,Sir.Snoopy,124,36,350822,598
2523831,SteveWenke,0,6,56003,1100
2526467,Didi+von+Rabel,767,5,42569,1188
2542679,-Smoker-,258,45,447524,535
2543815,Avalon68,0,13,114933,910
2560034,werwiwi,371,2,10639,1570
2560242,DaSilva1978,0,2,12648,1493
2566327,Jani444,882,8,72144,1025
2568424,Lorely,39,1,8403,1706
2570439,King+456,0,21,210909,741
2584591,habi4ever,403,7,65422,1058
2597307,kittenkiller,0,1,9832,1628
2607380,herkules+3,175,65,624656,443
2614980,Crownan+der+Listige,956,1,9637,1647
2625277,hirschjagd,956,2,15126,1464
2628592,Lordlester,0,2,15699,1458
2634628,izou,0,12,125661,884
2636414,bestof14,0,1,10321,1591
2655378,Candy07,112,145,1338816,256
2658629,echo59,368,97,972513,325
2660951,dokter+solter,0,13,130030,872
2663633,Usbekistan,395,124,1178749,287
2692451,Lord+Hurricane,0,1,6194,1759
2709178,Die+grauen+Adler,0,2,14989,1465
2727215,MefoHunter,67,149,1428152,241
2746540,K%C3%B6nig+Astra,46,249,2607911,133
2763651,rolf52,371,8,62192,1071
2764123,V10TDI,934,1,12164,1515
2779521,Jungfrauenschreck,878,15,145157,837
2782053,Stephan83,959,1,4029,1909
2785113,Graf+Kuki,793,1,10053,1609
2786487,de+Bruin,966,3,11703,1530
2798382,Arsalan23,375,34,234629,710
2804029,spielnix,226,4,38790,1210
2816098,iN+sM0ke,67,18,181831,776
2822683,xZaiZunx,49,427,4362865,76
2830859,AlexThor,526,35,349449,601
2840725,CFSTAMM,0,11,107208,926
2843410,nbc.defence,56,287,2838416,125
2851966,winniwilly,642,3,28493,1296
2859975,navy25,0,32,329726,612
2861117,Peter1955,375,29,277439,664
2873698,General+Fischer,0,7,67558,1049
2876883,charliyi,124,50,489743,515
2877280,Raifschow,49,380,3869095,86
2880094,ramaresi,148,30,296790,648
2890598,Teddybaer1253,0,1,5103,1775
2897446,Bernersenn,148,135,1350675,253
2902848,Boondock666,0,14,125626,885
2905158,blackimix,0,3,13784,1475
2921602,metz%C3%A4L,419,1,10207,1600
2926249,amarath93,273,38,277790,662
2926315,Gameforum,915,1,9368,1666
2927517,Diemacht1,25,77,534881,488
2934554,Miniritter,0,13,129433,874
2950142,Raindl,294,62,525885,492
2959267,brodnic,346,19,190385,767
2965180,Ticabell,801,81,771667,385
2967953,hittheigll,0,24,223058,724
2972046,eZjau,922,532,5049172,62
2973895,1880MRHSRH,0,1,7319,1739
2989966,wehrter,170,8,53274,1114
2992563,CoMunichCation,813,6,58627,1087
3006088,goldeneye07,0,32,246933,694
3012834,Linus-im-web,147,248,2209611,166
3014527,FettesBrot45,840,5,47639,1151
3014704,esse3,395,24,235940,706
3021463,pealpexy,617,20,207271,747
3026631,themennis,154,45,394872,576
3029779,markus.civ,36,39,367797,584
3032205,Black+Hazor,0,1,10385,1586
3036004,Ronny+X,0,9,88369,966
3041918,Lady+Marquess,491,1,4279,1798
3046748,Van+Thomas,0,1,8370,1709
3048752,Vjestica,419,2,16453,1452
3074885,clsieger,40,380,3651819,92
3087179,Jan+Cux,175,107,1042890,313
3089874,Matzefricki,0,2,11625,1532
3091488,redbull303,0,4,21322,1356
3092259,GFRK,375,9,62324,1069
3102304,Bojelin,372,13,126816,878
3103019,Haans,78,27,271048,672
3161783,sattel96,956,1,10505,1575
3171872,CrAzZy27,0,1,7630,1730
3181982,Bernei,0,2,19576,1393
3194645,Werwolf171,78,123,1209267,284
3203552,Diroan,0,1,11329,1541
3209661,Elektros+mit+SkiLLs,46,545,5456921,52
3212902,Klaus2111,36,86,807979,377
3217634,Anna50,0,4,16037,1456
3220309,Prinz-Porko,0,1,9708,1641
3237093,Defence+232,919,2,19616,1390
3240273,Slayer666Slayer,911,19,196172,761
3243665,Marinho07,685,20,191502,765
3249251,Stewie+Griffin,0,1,5263,1774
3259870,templer+1118,685,3,33246,1240
3264210,piccolina,0,1,9292,1672
3265834,NixClanOrwi,0,7,50832,1129
3266776,Jerremy198,371,5,48620,1146
3271179,Sir+Schmieder,148,208,2059991,178
3276818,kings+and+shadows,0,1,8577,1702
3279395,Dragon+Master1997,793,3,29567,1282
3285093,Haniball+1,793,1,6553,1753
3287479,xaver39,143,2,13230,1482
3317473,normi00,407,1,4070,1858
3320503,Hikura,865,7,27287,1303
3322313,Nobb+von+Nord,818,19,138709,853
3332110,Empire66,0,2,18340,1423
3348969,Fc+energie,46,383,3707690,90
3353224,reiben1,0,1,4890,1777
3372447,xorron88,954,1,10505,1576
3372451,Helmdahl,360,6,52196,1119
3379672,Urshurak,553,7,28432,1298
3383777,Redfront+KB,228,11,105587,928
3385146,dasglug,368,22,212190,737
3392858,Engelskrieger+8,0,12,117418,906
3404128,mel21,214,131,1273702,268
3411934,Mickey69,273,32,273917,668
3431043,armada+flo,147,53,526469,491
3431529,Wizard+4,0,1,5591,1767
3454223,RollingThunder,0,1,9904,1621
3455821,Reggae1964,0,4,35727,1227
3462406,amok22,10,49,483419,521
3462792,Friedensnobelpreistr%C3%A4ger,874,38,311387,635
3466251,tobi1245b%C3%A4r,132,5,65441,1057
3466771,Tallanvor,793,1,9875,1624
3472244,Grisu-Kr%C3%BCmel,522,181,1774942,204
3474131,Bountyqueen,36,21,186427,771
4821243,x0philipp0x,930,209,2130144,172
4824573,S.+Jeffrey,0,11,95436,953
7598683,thecrow09,147,105,968008,328
7610577,Zorgan+Pegas,938,2,12344,1502
7614166,Tri-Star,175,105,890688,356
7620266,SmatroN,294,42,412730,563
7621130,Chrisch33,78,16,155982,816
7622876,Travellertomoon,767,3,14245,1469
7625364,chrijohnti,10,11,107305,925
7627091,Wynnypuuu,10,70,498499,509
7629407,Kreuzritter-,62,346,3472082,96
7637823,charly+Braun,815,12,120346,898
7644287,Elalein,0,3,29086,1287
7653991,hribe,67,37,354396,595
7686882,der+zahnlose,558,12,100482,937
7697330,bannanidimotte,975,26,222742,725
7698320,MoTz4Pain,0,1,12181,1513
7707042,Paddiniho,112,50,508052,500
7707065,Da+Julien,258,286,2707574,129
7712374,jepus,0,1,3563,2008
7712451,hilley,36,60,593157,459
7715742,H1N1ko,147,23,233712,712
7726094,Ge3debauer,0,34,321322,621
7730666,Steffe-xxx,484,2,13855,1474
7731714,maxi.x7,0,2,21000,1362
7734781,Miedi,0,6,48625,1145
7735708,lemmiranger,175,99,991720,322
7736410,Papabier,403,13,80572,993
7748442,Dabados,368,58,450870,532
7760563,drbrain,548,3,30520,1262
7767399,furti888,705,2,19107,1407
7776657,c.klitschko,67,74,615395,450
7804833,Saiden09,36,34,358284,593
7810677,Haucky,154,83,824187,376
7828102,Lumpidor,0,16,152727,804
7832080,Cisuma,148,197,1581296,221
7834330,domi+%2A,36,119,761392,389
7859415,Sachgesicht0,368,117,1172247,289
7860348,Vollmond62,78,22,211228,739
7865301,Gamernoop99656,39,35,297021,647
7873819,Gerhard1950,525,1,10452,1581
7890448,ThePurge187,0,1,9644,1645
7902335,zwiesl,370,17,155081,817
7902649,RUAL-Tex+GmbH,0,2,20638,1370
7909781,Adjaak,956,1,5986,1762
7914761,22011966,0,1,9687,1643
7936026,Billardspieler,801,126,1138502,294
7936488,adler+999,0,1,9066,1680
7940265,eiswinter,143,2,19284,1403
7944359,dragon1967,286,8,62781,1067
7948771,baer52,685,23,208421,745
7958886,Normannenfels,328,315,2940383,120
7961306,AURORA%2ANOX,273,50,427893,548
7969496,wolfhaed,143,2,12501,1498
7978087,Herold+des+Lichtes,291,20,173812,787
7984722,Pesado,0,1,5427,1769
7996503,KingTiger63,88,32,315039,630
8006337,stri-72,0,2,9444,1660
8023121,albert+kempter,264,49,462751,529
8033485,gerwolfen,492,15,154400,820
8037199,Lord+Trumkin+der+Treue,264,106,956162,343
8051260,boschtler,171,118,1247882,278
8075807,schalke12345,132,14,99763,940
8077209,v.Somerfeld,132,23,215347,733
8092758,Entspannend,0,1,8688,1698
8097540,KingMaddin,0,3,28952,1291
8110441,ANeu,0,3,28485,1297
8110467,Scandi,0,2,18365,1422
8110776,Xului,67,141,1061748,310
8113697,Ursiedler,880,6,44989,1170
8115957,Igor+Pulatov,214,296,2881380,124
8120170,Lord+Diggnsagg,264,63,629126,439
8120947,K%C3%A4ptn+jack+sparrow+3,0,5,46713,1157
8127490,MarLei,148,113,1115814,300
8135599,Adler23,0,48,480855,522
8137607,Safral,39,6,56728,1094
8137802,ToxArchos,934,3,13231,1483
8145770,Teufelswall,214,118,1240933,277
8155607,B%C3%BCVo,947,18,157117,815
8156131,Bonniecherno,0,1,7605,1731
8160707,Chris+133,0,15,145083,838
8160892,Brettle,0,1,9745,1639
8165657,Beriel83,0,1,8365,1710
8168972,harigen09,0,1,8868,1688
8175897,Worf64,516,7,25652,1314
8185384,KingCalling,419,7,62454,1068
8186966,VergesseneSeele,36,36,334511,610
8194909,Mundimat,327,20,168756,796
8198979,JustCallMeDaddy,0,1,36,2094
8204672,Balthasra,0,1,6569,1752
8221372,Joachim163,0,10,95320,954
8224617,Niclas+der+11,389,1,13506,1479
8239422,Waggland,36,52,509923,498
8243615,Lord+of+Island,46,443,3902381,84
8247637,bocki62,49,583,5668504,50
8248225,marley09,49,1177,12040185,3
8251401,Caprylic,56,579,5413630,53
8252662,Brokkr,921,1,8297,1714
8253565,Kahona,0,1,7904,1725
8255587,BlackMonsters,395,103,1029675,315
8264526,babarendave4,214,546,4907609,66
8264527,jule54,912,4,29259,1286
8269450,rutin,407,6,32474,1245
8280477,leonhardtd2,214,75,690084,411
8281405,Dr.Salvador,0,5,18475,1421
8288027,Der+dunkle+Vater,0,10,96853,950
8304302,Ritter+Alf+1,176,7,78626,1001
8313863,Betonmischer,0,7,73535,1019
8313953,Seargent1,0,4,19442,1400
8324097,Rocker+Max,171,87,731211,400
8325321,Lord+Friedl,0,6,70130,1039
8329097,Snow+bum,40,311,3115386,108
8329484,Philipp+Will,0,3,21619,1348
8337772,biglady97,0,12,111804,918
8340040,Makawee,273,5,45004,1169
8340700,schotter1966,0,3,10183,1602
8349391,Sam-Olena,0,8,66911,1050
8358446,dah1961,912,10,73267,1022
8376972,Phase0ne,49,612,5947977,47
8383781,Manu+555,147,175,1711571,212
8404003,MAD+TIM,375,6,56596,1096
8412736,dilma,522,17,132855,865
8413326,Luki+118,368,59,562735,473
8414902,Schweinehai,39,9,90664,961
8416945,saik06,78,54,556184,475
8424547,MichaHe,0,1,8236,1716
8428482,Aurum100,0,4,34696,1234
8446684,don+chili,39,1,8725,1695
8455753,Fee+-Timmi+-Co.,264,219,1652847,218
8459177,kochl%C3%B6ffelschwenker,291,14,109591,923
8462835,voitl,171,215,1893721,192
8468592,FANKY+III,40,539,4641315,71
8480807,Postfrosch1,10,121,1064712,309
8501453,ceraphine2010,148,139,1340580,254
8504229,Nr.121096,0,1,12164,1516
8515428,ZZacharias,263,6,64113,1063
8519064,Cottan,0,10,87666,967
8524906,Curly+Bear,961,7,49226,1140
8530011,GiMli00,228,14,140369,850
8546711,Hoferianer,389,1,9578,1652
8562343,rocktroll,76,15,140746,849
8563199,Ultimat3Mast3r%2A,930,338,3290522,102
8579140,wolles+welt,0,3,25011,1320
8586142,Froellig,228,13,126122,881
8615323,Ro72,36,86,791323,382
8651232,Onefire14,34,139,1340238,255
8661795,Buchara,0,3,30865,1258
8664702,Julonio,731,18,146678,832
8668581,G-Data+99,792,5,41754,1195
8680597,akinomx5,745,2,21538,1350
8682189,Goldlord98,752,9,90017,964
8699223,peelo,0,6,62988,1065
8705310,Gusfan,0,3,16175,1455
8719883,spartanerII,39,7,81421,991
8736794,s.crew,525,11,95993,951
8737828,Kleinstadtmann,171,13,118683,903
8739252,Lachmodus,0,1,10829,1561
8739396,rawiya,40,812,7158614,27
8742960,kater4,0,1,9561,1654
8745455,Meliandra,793,2,9237,1675
8747525,belzebub16,0,2,9229,1676
8747848,Zwusch,905,203,1913752,188
8758577,Ritchi+L%C3%B6wenherz,0,6,65510,1056
8762335,Acapela,10,71,679653,413
8766740,Otzelot07,0,13,131178,867
8769694,T%3D34,653,10,100269,939
8769862,marcilot,522,26,259141,686
8775635,pilotplant,154,126,1081766,304
8776383,Cheat+Code,0,1,7587,1733
8780359,hackmac6,371,9,86720,970
8789457,angelmaker7,419,5,42320,1190
8800185,yorgur,0,3,19609,1391
8812458,U.M.B.R.E.L.L.A,0,1,9878,1623
8813898,Graf.Ben.Von.Topondo,522,93,873145,361
8825492,fatmet,368,63,644065,430
8828794,P%C3%BCttBull,62,125,1229379,281
8829351,ben13.12,956,1,8904,1686
8843354,Enya24,0,1,6329,1756
8843901,Olee+de+Toroge,46,414,3768403,87
8845052,BoosterMan,263,7,70348,1036
8854016,SkaZ,0,4,38389,1211
8864491,gl0balplayer,69,129,1306956,264
8871014,krokus2,273,3,21796,1346
8871053,The+Big+Hole,273,16,153164,823
8874521,Spessart-Wolf,925,3,28983,1290
8880253,X-Tempo-X,0,1,4778,1782
8885946,Fipo52,88,72,631402,438
8888196,Joshi1337,88,91,644288,429
8895333,Can+nix,0,31,280858,658
8903490,Lindroos,0,4,43986,1175
8903978,Mondstupfler,0,1,4108,1834
8905020,Athen+74,516,51,478426,525
8921908,Sking13,522,76,663407,418
8925269,Snedge,0,8,81611,989
8927127,Gangsterarroganz,0,6,57010,1091
8931376,Isamot,0,19,148186,830
8940322,peterp73,375,12,118426,905
8951726,Prinzessin+Desideria,799,20,167834,798
8963542,Kamerad1,76,29,154185,821
8963763,Schegas,967,3,20741,1368
8965612,Devil.,124,75,734802,399
8969364,Brandon02,0,1,10922,1557
8976262,le+f%C3%BCx,395,101,933850,335
8978282,Aomic,56,591,6153234,41
8978916,-.-yannik-.-,0,1,36,2095
8980853,gerluxi,368,83,742796,396
8982404,zizuz,49,325,2974253,118
8989395,%2Aqueenie%2A,0,28,257726,688
8991166,Vierdnker,505,11,66271,1053
9003955,J%C3%BCrgenF,941,13,116156,907
9005338,kleinerbaddy,36,90,902241,351
9011050,KaputteMacht33,0,5,48741,1144
9016434,Ole66,0,7,49422,1137
9018960,Nachtweide,419,23,230481,718
9038871,Error89,49,289,2987882,115
9046472,The+Burned+Man,371,2,10983,1553
9054332,Rico1105,371,1,9671,1644
9056680,sionrero,368,84,801862,379
9056769,helmi59,112,62,572383,467
9066175,rjb000,124,62,574919,466
9066427,hannnes01,0,5,50948,1127
9073086,Haschischgier,214,391,4081188,79
9076801,SpecialAirService,0,47,344215,606
9084786,der+buddy,375,107,959610,330
9088687,LadySylvana,0,1,11954,1526
9088940,yakusa75,0,5,36852,1219
9092674,charly+65,818,3,12118,1524
9096453,heinz60,0,1,2053,2045
9097442,Schulz+von+Thun,327,29,290592,653
9098317,00-THOR-00,36,211,1721023,209
9099199,revenger53,0,1,8586,1700
9102689,Vanessa2704,148,37,398982,575
9107097,Happy-SC,46,186,1806385,199
9107720,Moja23,0,1,12476,1499
9107743,Kuschelb%C3%A4r01,947,6,60104,1084
9108586,schnauzevollnix,930,155,1543985,225
9117354,Nessy01,0,1,9932,1619
9119201,Malchic,933,32,318839,623
9133304,Zar+der+1,824,7,64360,1061
9140037,Hans+macht+dampf,733,1,7880,1726
9147907,WartsABerKILLTdich,46,188,1814910,197
9148629,cb400f,793,4,25877,1311
9149215,MaGunTiA,124,42,386628,577
9154837,alkal2,112,16,167298,799
9161928,DonEspresso,0,2,21064,1361
9162712,Blechvogel,795,3,29301,1285
9172152,blackXares,946,1,9792,1636
9172849,Kinkz90,124,113,1025565,316
9186675,Peganx,264,31,268794,674
9198975,AeonF,0,1,224,2090
9201281,das+Allerletzte,0,11,90221,963
9201456,-Seelentheater%2A,948,5,30610,1261
9209530,Jay+und,865,10,58957,1086
9214215,peper123,734,6,18740,1417
9217031,QBotta,658,16,94854,955
9222372,Troja987,294,21,208843,744
9223786,Onuris67,522,8,54237,1110
9224545,Sun-zu,0,1,9617,1650
9228611,germania77,214,200,1944001,185
9237991,nevs25,0,1,10338,1589
9270328,maxxi98,132,19,172352,789
9270843,scarecrow71,395,66,637693,434
9284645,flax1803,976,4,35564,1229
9287293,oPrime,40,495,4808996,68
9288257,Tagwish,46,961,9266339,9
9306541,Uwe752,0,3,15158,1463
9312692,j%C3%B6rk63,516,26,257175,689
9314477,blakhunter,0,4,37383,1212
9315536,D%C3%BCbelmann,81,58,495471,512
9345894,Ylad,375,2,13933,1471
9351795,Svenson+Mandela,0,1,11087,1549
9358864,Erik+d.1.,0,2,19030,1409
9368509,hekon68,516,16,115811,908
9370687,juter-tom,600,8,76588,1009
9370888,Katla-Kolgrima,0,1,9824,1629
9374247,tik99,56,532,5292907,56
9378206,kniffligerball,0,5,45648,1166
9381958,keiler93,0,8,78114,1005
9400727,losbretos,0,1,2384,2038
9404780,Mr.Vida,789,92,902411,350
9415681,markus1258,395,219,2191039,168
9419874,QueenMelanie,143,28,281325,657
9434278,Popeye+the+Sailor,0,2,18255,1424
9437130,Kirschk%C3%B6nik+reloaded,850,79,725757,401
9437305,The+crock,34,35,348725,602
9441431,J-Ken,62,221,2105127,175
9442904,ilana22,0,3,31430,1252
9444183,hexerwelt,395,15,125326,886
9451904,Hubi1887,0,8,45431,1167
9452154,Shirshu,685,23,229866,719
9453915,Slayraw,685,16,157206,814
9478090,Anevayo,0,1,4657,1784
9486777,sterni+44,143,7,71550,1028
9488902,-Tufak-,86,6,47779,1150
9489808,Finn+88,143,5,51108,1125
9506556,Frascat,484,4,40082,1204
9509555,MI-MI,148,225,2186944,170
9511218,Hinz83,0,1,11376,1539
9515051,Neu+Berliner,522,20,210420,742
9520600,Eva17,46,216,1977052,180
9527136,Caoskrieger-21,0,2,18047,1430
9536838,SaubererFinger24,568,84,717132,405
9539205,Blue+SF,25,65,633348,436
9543692,-john.john-,0,2,20006,1382
9545323,Olli+Rapp,34,36,345600,604
9549550,nivelda,264,140,1214737,282
9550292,feldi68,147,69,722146,403
9558516,xAgrios,0,1,3898,1991
9559034,loddar2012,407,6,23393,1337
9575411,froschgift,0,3,17933,1433
9577591,Only+B%40SH,214,256,2536211,139
9577657,Pusher+non+grata,56,126,1264721,271
9595709,SNDRQS,375,16,150963,827
9600353,Alastair17,553,5,29069,1288
9604552,OldIckle,0,1,10003,1617
9621149,airglider,375,4,23130,1341
9630286,Dirasu,10,43,401505,571
9630363,yogi1986,124,60,566441,471
9634636,Idefix2301,525,51,501373,507
9637025,Ninkasi,148,30,342059,607
9639996,fighting-hamster,876,1,9578,1653
9640463,Odins+-+berserker,124,163,1519203,228
9645171,Cherok+der+%C3%84ltere,81,44,421775,554
9648893,Airesh,0,2,19055,1408
9654874,Milady+Marian,328,142,1241728,276
9658964,Baron+Vladimir+Harkonnen,0,2,19462,1398
9673176,Mr.+Nice+Guy,715,15,103399,933
9675619,kayfe,0,24,179556,779
9676297,Manix15,36,139,1280282,265
9693009,Gawan13,370,2,16220,1454
9693857,freak--,149,5,48392,1149
9712134,GrafvonT.,143,1,9707,1642
9716155,Coliina,0,1,3509,2011
9718779,Kaiserin,171,181,973038,327
9723257,..Cole..,0,1,9799,1633
9736576,Taxman,40,188,1960939,183
9741255,Borg+K%C3%B6nigin,724,1,10650,1568
9749130,CastorTransportor,934,5,40379,1201
9749238,Dalldorf,0,1,10029,1611
9757659,gansu,0,3,28002,1299
9766429,Roger1313,67,127,1011623,317
9766650,oldar,0,3,30282,1268
9768241,huligen3,930,321,3102098,109
9768272,HamburgRuleZ,56,602,6029974,45
9768644,Thor3.0,171,127,1177523,288
9768832,Orka07,946,1,828,2064
9768961,Wok27,171,17,144644,840
9770508,hans+udo,154,182,1806700,198
9771542,ser11,372,7,68430,1047
9773937,loternas,69,233,2268624,161
9775462,Lord+Steinlaus,67,178,1733878,207
9781418,bongtopf,25,67,651400,424
9782285,ellras,258,181,1714209,211
9792661,Lord+Lord+rammstein,395,15,144504,841
9792766,KillerYiller,963,1,9844,1626
9794752,Garco,0,2,10701,1565
9804746,Benni.Banks,81,48,412907,562
9807053,FreakyBasher,0,12,114777,911
9807341,Paolo+von+Maldinelot,676,8,75864,1011
9811020,Dedel,375,35,297575,646
9811082,King+LORD+IRON,279,10,83514,982
9811265,Feuervogel91,0,2,15694,1459
9813370,Anonym,214,107,1053302,312
9816496,FunFight,372,5,51650,1121
9817068,Lowhit,0,29,292921,651
9820518,OhrpheuZ,0,9,88945,965
9825483,Trinkfest,0,9,77444,1007
9827015,teletapi86,0,3,30132,1272
9831039,Black+Sun,0,1,8928,1684
9831245,Silver-Ghost,40,1069,6737515,36
9837436,The+Devil+Lady,67,33,326063,618
9845695,Heiko493,112,87,836376,370
9850139,Ryle,171,172,1775291,203
9852355,uuli,0,6,55122,1106
9852781,mkslh,0,1,3739,2004
9854851,Hagnarn,69,302,2985683,116
9857324,Lady+Torte,930,365,3380830,99
9858513,Earl+von+Dragon,375,11,103131,934
9858641,king+doki,0,1,11075,1550
9859294,Humbelhub3rt,328,343,3454772,97
9859907,Ich+mag+Katzen,34,21,125790,883
9862658,Spiegelei,0,1,6233,1758
9863875,Dragonslayer2.0,124,63,567491,470
9864684,Drhui,0,1,12164,1517
9867715,emy1406,558,18,176253,782
9870413,King+Vampy+II,0,1,9905,1620
9871880,websocke,0,7,66332,1052
9876086,almtraum,0,46,310509,636
9876252,geriboy200,412,91,901214,352
9877522,Imaxx69,412,63,590689,460
9878288,Der+Einzige+Schl%C3%A4chter,371,7,70723,1033
9879482,l%C3%B6wenherz27796,78,17,171447,791
9880534,34883,838,4,40970,1200
9886233,Gronk95,930,230,2192447,167
9893257,Ritze88,7,11,103403,932
9894141,passial,148,50,503574,504
9897973,hondahorst,947,25,252846,690
9903164,EliteElch,56,499,4528052,73
9904651,Gambeler,10,64,621964,445
9915885,Pit1898,934,5,50475,1132
9918289,K%C3%B6nigin+Juri,264,219,2186946,169
9926069,Son+of+Anarchy,110,17,165892,800
9926186,Schwabenviertel,40,621,5195833,57
9926210,Grisubux,171,105,906451,349
9933385,paffrath,0,2,18016,1431
9933981,Don+Juan+de+Johan,0,51,509280,499
9938943,nordm%C3%A4nner666,0,6,31366,1253
9940163,FrEEkY+Team,0,1,9607,1651
9944239,chrisl666,945,1,9473,1659
9948037,Christopher15,0,1,8767,1693
9948316,money+men,56,33,316174,628
9949057,nudelboy,0,8,76198,1010
9952462,hotteh%C3%BC90,40,58,615424,449
9955341,matti-007,732,6,60314,1082
9955600,ICr%40shyourVillage,56,641,6433704,38
9969251,BlackApache,0,2,25630,1315
9992670,crazzo1,0,16,161036,807
9994020,Kampfzwerg+2013,69,522,4801164,69
10002636,blenni,931,2,12883,1491
10007145,Curganox,62,77,763046,387
10008820,Phasen+Kasper,0,1,10505,1577
10009790,BraverFan,801,24,231063,716
10017115,superneusi,76,12,112607,915
10025887,Karlio81,0,1,5350,1772
10027337,Zorkonnon,112,48,426687,550
10030218,kriegsgott9000,46,240,2513299,142
10030457,Andreas8676,403,11,104317,931
10031284,Iomars,258,236,2263700,162
10036900,matuten,40,715,6744628,35
10041214,Ritter-Fips,372,34,327413,615
10044977,Lady+Shania,62,285,2591296,134
10045837,K%C3%B6nig+Heerscher,39,9,43460,1182
10049938,BornToDie02,49,462,4609967,72
10052232,nawifreakofmath,34,61,631550,437
10053790,plutoos,836,1,8537,1703
10055367,Lord+gagg,39,1,7868,1728
10060634,Hornissimo,836,3,20221,1376
10071988,Schalke1962,273,7,69520,1042
10075583,drsultan,371,54,555744,477
10076641,bdammy,39,8,77288,1008
10079018,korn9,956,3,21633,1347
10085700,Lody+the+Great,36,118,908714,348
10090482,Engelchen+und+Teufelchen,328,265,2653283,131
10093818,Ralle1919,521,2,19254,1404
10101771,pointer13,484,1,633,2072
10113602,Wild+Storm,214,82,825630,372
10114117,Lady+Shiwa,40,194,1927330,186
10118082,Schrecklicher,0,1,12381,1501
10118337,aLive667,582,5,48481,1148
10118874,sly-boogy,39,16,126613,880
10121360,Sir+Erz,49,263,2544119,140
10123202,Graf+Schlumpf,799,54,470912,527
10125540,wikkey,143,26,262532,683
10127383,BiggerThanYours,375,96,962026,329
10135618,Alcandia,148,197,1876725,194
10142543,Capri56,947,8,60458,1081
10149799,Lord+Yalo,69,542,5385958,54
10151344,leabtsv,505,2,6594,1751
10152725,Neotheror99,731,19,191117,766
10152802,perle0815,154,69,662683,420
10156484,Lammbock1,395,20,175464,784
10166681,uniCreat0r,543,3,30102,1273
10173960,GentleNerd,0,2,12192,1512
10175477,Karl+die+Kr%C3%A4he,0,6,55456,1105
10175716,Baldor01,0,2,11366,1540
10176281,Elchtal,685,44,442665,538
10176789,fensta6,0,1,12237,1507
10181837,Killer+josh,62,195,1880246,193
10186213,Dannii0811,148,228,2334274,155
10188166,JellyWins,956,3,17480,1440
10212525,Strassenchef,263,1,5627,1765
10220047,Lord+K%C3%B6nig+steve,62,169,1686716,214
10226008,Namoo,0,1,10488,1580
10226578,Jowan,124,99,980310,326
10233406,tigergrow,0,3,17160,1443
10235247,Robinakis,228,15,145673,834
10240356,jut300,273,148,1412429,243
10242341,crille007,0,2,9136,1678
10247017,Ritul,877,6,52646,1116
10251720,serboy12,371,25,224966,723
10268401,peterkath,0,3,19011,1410
10275566,%2A%2ALegende%2A%2A,0,1,10029,1612
10282079,sirbatro72,516,20,175832,783
10292087,EsTeR1364,0,2,24318,1331
1575830783,Heckel1391,0,20,195752,762
1575832486,Lexikon,738,7,29882,1276
1575842364,Cpt.+Jack+Swallows,0,4,16558,1451
1575847025,Nick311,175,84,832728,371
1575848550,ebenol+2000,961,13,130832,868
1575861527,blackhans,76,29,252124,691
1575866300,K%C3%B6nig+Laotse,67,54,511308,497
1575871847,Thorgean,0,8,78291,1003
1575876388,Maurizius1,84,4,49191,1141
1575877313,Insider6872,273,50,502215,506
1575894127,bguen,0,5,29687,1280
1575894322,Kiraa,143,5,51463,1123
1575896777,zoltan74,360,12,105240,929
1575900519,sunny5566,143,2,20469,1372
1575900988,-Epica-,56,290,2944346,119
1575902350,Hallod1,0,4,18922,1414
1575904323,Rotfuchs42,10,76,743925,394
1575909576,Baracke69,258,43,422694,553
1575910459,Juppolian,273,172,1486885,232
1575929722,Tombinator,88,32,309025,638
1575932425,Lord+Wolle+der+I.,112,156,1504687,229
1575936953,Der-alte-Sack,680,1,9439,1662
1575937650,K%C3%B6nig+keipy64,0,1,3539,2009
1575942210,K%C3%B6nig+Prinz+Eisenherz,67,43,426919,549
1575946874,M%C3%BCM%C3%BCM%C3%BCde,39,14,129689,873
1575951648,Rheinsberg,395,67,638590,433
1575952154,Der+Wettermann,0,1,10408,1583
1575952531,smopas,0,2,19211,1405
1575953070,Emanuel+Lasker,522,46,452243,531
1575958894,hardy848,0,2,21000,1363
1575960007,toblerone33,685,2,20164,1378
1575961450,Felldone,62,338,3396445,98
1575969183,Kandalatscha,25,25,217720,730
1575969977,TmThS,62,227,2236768,165
1575981010,K%C3%B6nigin+Frubsi,0,3,16289,1453
1575989282,Adrillo,81,132,1275547,267
1575991797,tobylein,419,32,271894,671
1576004095,Black+Widow,419,16,85168,976
1576005182,1tachi+Uchiha,191,119,1191688,285
1576005414,evsc,950,4,30503,1265
1576007173,Axel1958,175,23,186148,772
1576012758,Lord+Anticool,617,165,1589973,220
1576017717,Cugerner,0,1,4837,1778
1576027283,boon67,147,88,876134,360
1576031502,Lord+Hagen+v.+Tronje,327,49,427216,568
1576038942,Tunichtgut,214,308,3007733,114
1576039194,Klee96,947,52,485054,518
1576040359,Grillofix,525,63,650818,425
1576051651,Lord+ORLANDO,69,237,2356414,153
1576056461,Lady+ma+the+g,171,72,552829,478
1576057874,BrianherodesJunior,34,152,1494129,230
1576058804,Lijux3,375,16,167930,797
1576065132,ulusoy,88,13,131877,866
1576079155,Global+War,36,104,931272,338
1576084331,X-Neodym-X,62,223,1919095,187
1576092020,Danziger,88,30,184370,773
1576092282,sim125,171,119,1160604,291
1576096818,Baroquito,375,6,33189,1241
1576096956,ExXeZ,40,849,4491733,74
1576103111,Mpblue,67,135,1333402,258
1576106465,Ullinow,56,1003,10070829,5
1576107236,Brothertom,235,3,28739,1294
1576111995,moepolo,147,33,327544,614
1576112071,Mad+Blue,56,96,863929,363
1576115557,artoss,86,1,8334,1712
1576122141,Swapmeet,112,14,136277,861
1576123486,Dalvin,828,9,69625,1041
1576130859,Faultierfarm,0,1,6817,1746
1576133320,KeepCalmDrinkSchorle,0,30,308431,639
1576136599,dor.oli,936,8,41950,1194
1576138691,DieGallier,171,191,1569398,224
1576145424,Melchinbrother,78,81,815579,373
1576146588,66663,725,5,29004,1289
1576149438,Black+Butterfly,553,5,49395,1138
1576155415,sascha+zillenbiller,930,248,2503000,143
1576162085,iimac,49,727,7554986,23
1576162387,Dickfinger,0,62,419495,558
1576165229,Flywarz,49,246,2567976,135
1576172159,l+ber,238,5,27791,1301
1576174082,pepe1989,0,1,10029,1613
1576184924,lukulus,739,3,23155,1340
1576204198,freerider47,0,2,19314,1402
1576209926,Iwan13,505,2,10585,1573
1576216142,K%C3%B6nig+Wilhelm,642,8,42888,1185
1576216321,Lord+Friederich,878,6,24491,1328
1576219492,SchwarzerReiter,395,165,1453427,237
1576223442,B.+Stromberg,46,765,8001310,17
1576234115,MrQuhl,124,25,243501,698
1576236769,Steffx115,934,2,14996,1467
1576247077,Ivan13,604,1,7598,1732
1576257075,XxWaStYXx,368,91,901112,353
1576264125,FCBNr1,0,1,4322,1799
1576267420,dobado,56,300,2125730,173
1576270672,xXCleptoXx,49,1160,11595938,4
1576280829,Geiler-Geier,62,253,2498186,144
1576290202,lordwidi,0,2,11825,1528
1576292505,Tamey,214,551,3656779,91
1576297320,Kavi+Alonso,264,40,321333,622
1576298173,marcus1976,0,2,18924,1412
1576306608,thomasuta6,0,9,78133,1004
1576308175,jaguar666,505,1,8397,1707
1576314082,Frosch125,279,22,211102,740
1576328662,-sturmdrang75-,194,3,36121,1224
1576335570,Lord+Ibonze,148,64,626290,442
1576341349,bad+boys+2,0,5,27269,1304
1576342688,kape0815,147,64,594498,458
1576347628,mollidk,0,1,12164,1518
1576349349,OssiWestborn,62,243,2475595,147
1576349760,Templer60,273,9,61443,1074
1576355925,Hesse2008,371,1,10647,1569
1576359737,Momo55555,484,9,75094,1017
1576365478,chris190,836,2,19982,1383
1576370608,BigBlackLady,46,334,3273141,103
1576375838,Dowson,80,36,124488,889
1576385702,megalu69,412,116,1123752,299
1576387724,xMisTeRx,273,67,641498,431
1576393388,Lady+Sakura,0,6,52643,1117
1576400455,Todeus,375,9,81561,990
1576408354,Herador,0,1,10274,1595
1576409304,-Joker.,328,33,314101,632
1576411137,maxxxmax,721,2,18003,1432
1576417119,honigkopf,0,11,106722,927
1576418323,BB+2014,76,51,443705,537
1576418916,cowboy08,327,30,280810,659
1576421275,Danielb93,124,41,270285,673
1576422413,Mieczyslawa,642,13,130203,870
1576422542,Rheingeist23,964,1,6741,1747
1576438350,iPresiTion,0,1,10657,1566
1576442467,Lady+DarkyTeddy,947,7,72176,1024
1576444028,Gessler,858,31,274423,667
1576444119,HSV1,0,1,7472,1735
1576454928,Lord+Frowin,793,6,25757,1312
1576459432,ShirKhan,69,685,7083755,28
1576472132,immerpower,0,4,28696,1295
1576473122,Lady+Athene+die+Erste,67,85,847955,368
1576475655,Kaiser+2014,0,1,4072,1857
1576475933,Pvt+Cat,69,1654,17108662,2
1576479132,Dray-of-Gelp,0,3,29864,1277
1576479292,wigald,258,27,240846,699
1576480250,Inselverbot,69,284,2982051,117
1576480363,Tinkas,258,58,578081,465
1576480593,King+Joe+X,175,78,690068,410
1576480859,Lord+Lord+Alko,525,4,27214,1306
1576491688,Dunkel-Graf,88,6,62262,1070
1576495736,LaMarie,0,2,8506,1704
1576500729,Emily+Moone,143,6,61357,1075
1576504492,Queen+of+Hearts,0,4,34845,1232
1576504787,Surius,4,13,130216,869
1576505643,NiPz+i+Storm,930,422,4042801,80
1576506783,sigurd123,776,1,7229,1741
1576508063,blbkiller,368,73,485043,519
1576510839,404+Solid,522,8,75188,1014
1576512079,Lord+Urdnot+Wrex,39,9,54904,1108
1576512725,CRIS1886,143,1,10300,1593
1576520277,Pokos,34,29,238960,704
1576521671,OnkelOtto4,88,13,124478,890
1576526812,blinder2015,62,146,1330576,259
1576528882,Lucina+dal+bosco,228,8,75174,1015
1576529439,Flyingmaster,0,10,100339,938
1576530163,HardyI,947,9,78892,999
1576531591,R%C3%B6deOrmson,901,38,350578,599
1576540808,DieGEZ,36,220,2137920,171
1576545999,Chekky,124,68,609953,453
1576548566,Lord+Bempflingen,67,52,503709,502
1576552755,amrita,56,2300,22446057,1
1576559468,MarcoAurelio,328,292,2769823,127
1576566241,Lord+Mikel,419,8,56834,1093
1576573883,Lord+Wegusmaximus,180,38,125830,882
1576575305,Benni-732,949,3,30348,1266
1576577085,Dark+Flower,0,18,139198,852
1576579392,Nuklear-weapon-der+2,49,229,2277072,160
1576584956,Sir+Bernd,782,1,7877,1727
1576595526,RCDM,39,20,204611,749
1576603662,grepkin,0,3,12938,1490
1576603745,FlyingDevil88,685,17,171260,792
1576604413,Sir+Hool,214,136,1276223,266
1576614492,WiiiZZY,46,304,3035654,111
1576617388,Kaiser+Julian+I,842,15,151540,825
1576621624,PivoOo,328,5,48549,1147
1576625972,PartyBeaTs,56,285,2712620,128
1576629612,Salmon,0,1,12164,1519
1576630047,Der+Geilste+Heitzer,946,2,16743,1450
1576635820,Tom+Clancy,124,40,383543,579
1576640373,sgh2002,760,7,61298,1077
1576642578,Steuerberater,969,16,70070,1040
1576642643,Nakobi,56,813,7944413,18
1576643049,prochance,0,1,7820,1729
1576646107,DerFremde181,642,5,42010,1192
1576648670,Haward,0,3,26649,1308
1576651635,Baller79,62,285,2550487,138
1576654167,LordDarthVader,49,594,6066945,43
1576658491,%2ACastiel,0,13,119390,901
1576671989,AK-FOURTYSEVEN,46,696,6859891,33
1576675408,YAMATO,930,283,2907584,123
1576677705,Lord+Tomsville,258,273,2672582,130
1576678286,hilmarlau,67,72,724421,402
1576684314,Kakerlak,258,227,2243956,164
1576686550,K+der+1.,0,3,26137,1310
1576687794,Renegade+Corps,81,54,476895,517
1576690050,philisupreme,0,12,118549,904
1576691349,H%C3%B6lle+auf+Erden,238,6,21126,1360
1576691351,Jogardus,88,27,262728,681
1576695920,eternox,292,2,10353,1588
1576698409,Noobing,0,19,169864,793
1576701212,Lord+almtraum,0,4,30983,1256
1576707460,Neoninside,46,157,1528569,226
1576712239,Schattenloch,78,48,498351,510
1576721767,GNNK2,10,136,1392960,247
1576734609,wcspuelung,264,107,879661,359
1576738403,The+Negative+One,69,489,5002169,63
1576749630,childOfLV,949,13,126700,879
1576749662,siriusVM,943,3,27956,1300
1576751047,suchtymf,170,50,400300,573
1576751092,utta333,36,51,495474,511
1576752678,pro5,949,50,486814,516
1576753232,Luceyin,46,234,2345216,154
1576758399,webbutler,148,263,2541641,141
1576763259,Rannug68,0,2,19836,1388
1576768772,bannwelle777,793,14,91122,959
1576769131,-Frauenversteher-,36,94,919115,342
1576776352,PasKing01,40,178,1778338,201
1576777856,shaaadix,0,23,196930,760
1576783714,Lord+Mac+Georg,124,128,1258991,273
1576785045,Lady-Lord,371,7,50882,1128
1576788369,Lurch+Lord,0,7,70903,1031
1576789171,K%C3%B6nig+Mickey,67,134,1334793,257
1576793369,Grinch,525,118,1136957,295
1576794370,Siedler11,69,437,4320275,77
1576794747,RedNova+01,36,26,260814,685
1576796004,Teku19,112,131,1058446,311
1576799680,ikebins,69,335,3303672,101
1576801083,KingSimon1,0,1,10812,1563
1576801183,Manni23,62,256,2565208,136
1576802327,Schnenzi,110,8,65188,1059
1576804770,Geilomat,403,21,213159,736
1576809563,-Miluma,34,32,321950,620
1576814302,Septake,264,20,191539,764
1576815177,Arschibalt+der+5,0,1,12164,1520
1576819095,Blacky16,49,72,698330,407
1576820570,dittmar,10,131,1359418,252
1576821058,Lord030,680,1,12164,1521
1576821123,Glanza+v,0,1,6380,1754
1576824469,Julia345,143,5,51120,1124
1576828512,auchwiederda,801,26,245549,696
1576833542,dobbertin,110,17,141032,847
1576834908,yakra,0,4,39094,1208
1576835870,vonderwarnow,793,5,29898,1275
1576835985,AkiAki1012,62,288,2796729,126
1576838199,der.fremde,49,936,9461252,8
1576843431,borken1997,0,2,16866,1449
1576845661,Laune100,397,20,141348,846
1576854424,litletom,0,1,8189,1718
1576855576,BigMassa,0,1,760,2067
1576857979,Strongestman,175,111,952754,332
1576858023,Hallo+Welt,0,1,4004,1919
1576860190,Schokomokovar,867,19,182351,775
1576863358,Saratoga11,148,147,1468719,235
1576870277,Robbin-Hood,578,1,9820,1630
1576872458,werwohl,0,5,43750,1180
1576876713,vel0,39,9,62811,1066
1576877027,Gnaust,952,1,10439,1582
1576877222,zwickmich71,258,161,1360981,251
1576877651,Gabi+die+Gro%C3%9Fe,0,1,3975,1937
1576878361,judojannis,39,2,15371,1461
1576880110,DerAllm%C3%A4chtige,0,1,4004,1920
1576880384,Lord+Bier+Bauch,0,1,1401,2052
1576880392,stefan1809,0,1,9005,1682
1576880984,Lady+Apocalypse,0,1,4004,1921
1576881016,Calypso+King,0,1,4041,1893
1576881079,Semi-Star,0,1,1887,2046
1576881081,Rita,0,1,4136,1817
1576881086,Und+Action,0,1,3975,1938
1576881803,K%C3%B6nig+Spikey,88,34,304980,641
1576883450,Alexus70,69,233,2305159,158
1576885931,Cantaloop,214,55,548661,481
1576887381,Tot993,0,21,159697,811
1576887505,Hohenstaufer,0,9,56186,1099
1576889009,Mr.+Mojo,0,43,411736,565
1576891488,Sato1110,0,7,46994,1154
1576895710,One+Man+Army,327,45,430013,545
1576896170,Tickitacker,791,39,311916,634
1576898430,nomis0815,757,5,43887,1176
1576900092,xSmoke,56,594,6080162,42
1576902757,vorletzter,0,1,12703,1492
1576905288,kinglordmarc,0,3,31459,1251
1576905713,schnarschsack,36,16,147908,831
1576907174,MuemmelHH,910,1,11824,1527
1576908596,dekarsten,0,8,78750,1000
1576912793,Sighard1,0,1,4103,1837
1576912869,Ferhard,0,1,3975,1939
1576912887,Wilfried1,0,1,3909,1972
1576912907,Germut,0,1,3865,1995
1576912931,Leonie1,0,1,3975,1940
1576912940,Ehrhardt1,0,1,4074,1853
1576912956,Josua1,0,1,496,2076
1576913072,Mausespeck,0,1,4070,1859
1576913074,Puepschen1,0,1,4078,1852
1576913082,BambusHater,0,1,3023,2024
1576913193,Lienhard,0,1,4103,1838
1576913210,Volrad,0,1,4008,1912
1576913230,Folko,0,1,1077,2059
1576913263,Oliver2,0,1,3975,1941
1576913312,Reinhart1,0,1,3975,1942
1576914544,Jool,0,65,636910,435
1576918068,Raubtier4,0,1,3988,1935
1576919450,arthurderengel,407,15,136024,862
1576920556,layzie92,801,250,2461926,150
1576928678,Fusselrabbit,360,3,11574,1534
1576928976,stefan1111,143,6,61357,1076
1576928985,Claire+Grube,143,7,71579,1027
1576930099,Hulk27796,88,15,99383,942
1576931372,Pepo23,148,95,883905,358
1576932853,KronenEx,958,1,10825,1562
1576932940,Yaz1,40,812,8113740,14
1576933296,rocco1122,0,2,11388,1538
1576936858,ThorsHammer1893,10,63,611972,452
1576937673,Octagon+05,0,4,40199,1202
1576937737,sachse72,957,4,21444,1353
1576938782,K%C3%B6nig+G%C3%BCnther1,0,1,13096,1484
1576939174,Doktorduma1,370,38,384440,578
1576943215,Jonathan2212,371,3,13586,1478
1576944265,taubelol,175,139,762331,388
1576945470,Vilox99,522,6,45831,1165
1576952981,Mahle,0,33,326254,616
1576954771,L3xTRoN,880,14,98029,947
1576956732,pflaumenaugust,865,2,18627,1419
1576957488,Stullen+Andi,69,141,1263614,272
1576957557,Maester+Salcin,419,2,11157,1547
1576960132,Umbrecht,0,4,23231,1339
1576960830,Lady+Blondessa,0,3,29708,1279
1576960844,handOfGod,171,176,1725821,208
1576961286,Jophiel,685,33,329090,613
1576962665,DerNameIstProgramm,209,27,282431,656
1576965044,Honz,143,1,10981,1554
1576965066,xXSentinelXx,0,1,3873,1993
1576965114,Burn-Quest,0,1,4041,1894
1576965124,Schweigsam,0,1,491,2077
1576965215,Sebi-Berlin,0,1,3538,2010
1576965220,Cr4ckB0ne,0,1,4074,1854
1576965423,-MiniMe-,0,1,4070,1860
1576965572,LastBracker,0,1,3918,1971
1576965897,Klumpfussel,0,1,101,2092
1576966195,Oscar1,258,36,362550,591
1576966285,LilaLustig,0,1,1126,2058
1576966319,Hugeba,0,1,4070,1861
1576966405,Valentina,0,1,4004,1922
1576966900,BClasher,0,1,4070,1862
1576966972,Mr+WallBreaker,0,1,2768,2033
1576967295,Silviii,0,3,18193,1426
1576967840,-Mindblow-,0,1,4008,1913
1576968341,B%C3%A4%C3%A4%C3%A4%C3%A4m,0,1,4103,1839
1576969239,Stammesf%C3%BChrer+Mo,0,1,4025,1910
1576969417,Lord+merlin,0,12,84348,980
1576970382,%2ASusi%2A,0,1,3909,1973
1576972359,Lord+Paingain,0,1,4070,1863
1576972739,King+Felix,0,1,4337,1791
1576972752,K%C3%B6nigin+Lady+Simone,0,1,4070,1864
1576972949,moki68,516,40,375837,581
1576973391,Piranha88,148,30,291631,652
1576973882,DisneysWhisky%2A,0,114,1068976,307
1576974113,Lord+Volker,0,1,4055,1889
1576974121,Die+Horde+des+Todes,0,1,3824,1999
1576974199,Arthur92,0,1,4136,1818
1576974253,Light+Crusader,0,1,2102,2042
1576974464,Der+Didda,0,1,3951,1964
1576975088,Todesspirale,0,1,4004,1923
1576975748,Wonderwerk,0,1,4004,1924
1576977554,Lord+Jens,0,1,4070,1865
1576978293,Samui,0,1,3975,1943
1576981390,Bone-Crusher,0,1,3965,1963
1576981750,Federspecht,0,1,3909,1974
1576981753,Audifreak+der+II,491,24,202753,756
1576981768,.Burgfr%C3%A4ulein.,0,1,1075,2060
1576981790,Lord+Bone+Breaker,0,1,4322,1793
1576981915,Nummer+Zwei,0,1,4103,1840
1576982052,Sigmar88,0,1,4013,1911
1576982110,Pit+Stop,0,1,4070,1866
1576982201,Vodika,0,1,4055,1890
1576982241,D.Danger,0,1,3924,1970
1576982316,Der+Geehrte,0,1,2651,2035
1576982444,Columbuss,0,1,4004,1925
1576982460,Star4U,0,1,4074,1855
1576982550,f%C3%BCrstinsusi,175,27,266355,675
1576982578,HopfenUndMalz,0,1,491,2078
1576982653,Amadillo90,0,1,1566,2048
1576982711,0l4nk4,0,1,4037,1904
1576983225,Humancracker,0,1,3871,1994
1576983540,FrankenPranken,36,17,148691,828
1576983728,Octopus,0,1,4037,1905
1576983933,Einfach+Kurt,0,1,3604,2007
1576984906,Schutzpanzer,0,1,4169,1811
1576985151,Griesgram,0,1,3975,1944
1576985599,gimmy95,525,5,36542,1221
1576986422,Renegald,0,1,4152,1814
1576986661,GipfelZipfel,0,1,3909,1975
1576987026,Granitbirne,49,722,6864411,32
1576987759,H0p3,0,1,4202,1803
1576989444,wolfi69,36,84,856423,366
1576990900,Miss+Marion,0,1,3909,1976
1576992254,legrend,154,68,674463,416
1576992370,MatzeSGA,25,148,1403387,244
1576994677,Mayer1604,930,350,3528697,95
1576997370,Lord+Bierbaron,147,30,294162,650
1576998063,Peter89,147,29,277503,663
1576999199,Marshall,0,1,3909,1977
1576999749,The0d0r,0,1,4055,1891
1577001995,H4rdc0re,0,1,4041,1895
1577002240,JoBabyJo,0,1,4136,1819
1577005897,BigMaggi,0,1,4103,1841
1577006218,--PCM--,0,1,4070,1867
1577006938,Gassenhauer88,0,1,9886,1622
1577007100,MaGuggen,0,1,10314,1592
1577007392,DoctorT,0,1,4181,1809
1577008686,K%C3%B6nig+Ludwig+1,0,3,12154,1523
1577008784,Eifellady,0,1,3206,2014
1577009235,Poseidonna,0,1,4074,1856
1577009468,littlenaomi,10,121,989930,323
1577009610,Bettinaah,0,1,3975,1945
1577009681,King420er,628,26,198141,759
1577009947,Die-Hummel,0,1,4091,1848
1577010302,Turgirl,0,1,3942,1965
1577010654,magicpupsi,695,5,46006,1161
1577010966,King+Stannis,69,22,158626,812
1577011153,%2AAltair+the+Assassine%2A,69,240,2458070,151
1577014194,schneiderb,484,1,8845,1689
1577014420,Suomi,0,3,24768,1324
1577015589,aSsieVoX,525,103,996269,321
1577018411,Herr+Roland,522,9,79233,998
1577019400,Lauge,10,66,648283,427
1577019638,Freimut,0,1,4116,1832
1577019983,Germo,0,1,4322,1794
1577020868,Nenya.,522,19,157420,813
1577021422,Libon,258,389,3377742,100
1577021795,NicoK88,0,2,24168,1333
1577022591,Miss+Su,0,1,4004,1926
1577023202,Lord+Sanyok,112,29,273166,669
1577023599,Dr+Hitty,0,1,3864,1996
1577023605,LowBob0815,0,1,4070,1868
1577023638,JuriJonka,0,1,4355,1790
1577023692,HenryM,0,1,2853,2031
1577023729,Lord+AndreasS,0,1,3810,2000
1577023952,Jokers+Welt,0,1,3975,1946
1577024240,Vodka2221,34,50,502408,505
1577024295,Lord+Michaelm,0,1,3975,1947
1577024349,Limbeatsat,419,3,11305,1542
1577026292,Wilder+West,0,1,3942,1966
1577026463,zuklhzrrublhz,46,503,5121750,60
1577027218,Rude-Dude,642,24,233835,711
1577029422,stbaumann1972,0,1,476,2081
1577030366,Reptyfine,869,66,479508,524
1577030641,OtterNase,175,79,570424,468
1577030882,Hubibubi,0,1,3909,1978
1577031528,K%C3%B6nigin+Pumukel,0,1,4136,1820
1577031980,Misses+Su,0,1,3876,1992
1577033039,spiegeldose,930,395,3994542,83
1577034064,Lord+Stenzel,523,9,82799,984
1577034784,n%C3%84inert,395,76,746003,393
1577035946,h2so4.,921,1,4771,1783
1577037782,tommy2016,258,146,1330670,260
1577039417,BobbyHannover,937,1,5904,1763
1577040263,Beer97,56,657,6192941,40
1577040631,Rios1337,0,30,310295,637
1577043063,zastrow,175,83,684768,412
1577043582,aua...,123,14,127770,876
1577044785,Steppen,0,1,3980,1936
1577044895,Swongpong,0,1,4070,1869
1577045073,Lord+Gillitzer,371,8,75675,1012
1577048817,Big+Ferkel,0,1,297,2084
1577049250,RequimDream,0,1,4119,1830
1577050352,ROMSKY84,500,1,10226,1598
1577050947,kawa95,62,258,2610736,132
1577051390,Lady+Sterling,0,1,3909,1979
1577051419,Lady+Clau,0,1,4136,1821
1577052404,Pi+Didi,0,1,4103,1842
1577052797,Schweizer+Girl,0,1,3023,2025
1577052885,Lord+Henri,0,1,3909,1980
1577053401,Abgest%C3%BCrzt,0,1,2990,2027
1577054566,Dr+Nice+Pay,0,1,4008,1914
1577057118,%2A.Lady+Ursel.%2A,952,1,10742,1564
1577057869,Atomic+Bomb,0,1,3975,1948
1577057875,Keyfinder,0,1,3014,2026
1577058240,FCR+Cleaner,0,1,721,2069
1577058552,Lord+Schlaefer,0,1,4008,1915
1577058958,Ferya25,0,1,4070,1870
1577058982,NullKommaNix,0,1,4256,1800
1577059014,Justiz,0,1,3975,1949
1577059021,RoundTheWorld,0,1,4136,1822
1577059052,R4mbo,0,1,3909,1981
1577059150,K%C3%B6nig+MikeDeRibber,279,1,8899,1687
1577059346,BadJoker88,0,1,4004,1927
1577059352,KingKongPing,0,1,4004,1928
1577059417,Prachtexemplar,0,1,4070,1871
1577059461,DarkPlace,0,1,3909,1982
1577059493,Mogly1,0,1,4084,1850
1577059505,Freie+Festung,0,1,4202,1804
1577059554,Sensenmann33,0,1,4041,1896
1577059589,BigCityFish,0,1,3098,2018
1577059599,Angst+Otter%3F,0,1,4004,1929
1577061473,B%C3%B6ser+Bernd,175,22,203590,752
1577062063,Hans+Haram,0,9,84147,981
1577062261,.Kekshandel,228,10,98492,945
1577062531,Xiretsa,0,5,19710,1389
1577063477,Sterbehilfe,970,11,95615,952
1577064270,robert47,0,2,17583,1437
1577064557,MasterSergeant,258,149,1403089,245
1577064730,makita,0,4,41981,1193
1577065201,achs,522,3,24540,1326
1577066038,Geron65,258,122,1131061,297
1577066276,eism,171,148,1448719,239
1577066300,MuRatte,0,1,4070,1872
1577066311,Sektor17,0,1,4070,1873
1577066333,DeathPoint,0,1,4008,1916
1577066705,Melli,733,1,4218,1802
1577066734,Freddy,0,1,4004,1930
1577066745,Clutcher,0,1,4041,1897
1577066795,Chriatal,0,1,3975,1950
1577067974,L3mixXx,0,1,3710,2005
1577070191,Virus68,112,98,914265,345
1577070207,Sgss,643,9,45948,1162
1577073824,MonaLisa,375,20,203381,753
1577074437,Vinitu,56,602,5980832,46
1577075050,K%C3%B6nigSNODEFF,961,5,26530,1309
1577075090,Fendtinator,0,4,33969,1235
1577076942,Feuersberg,258,26,192917,763
1577077854,Schnurrr,525,55,515479,494
1577077942,blubb89,46,591,6059134,44
1577079534,carsten12345,69,89,890903,357
1577080702,maikvd,375,40,340751,608
1577080778,508swGT,371,2,19504,1396
1577081766,Ritter11,913,1,9347,1667
1577082881,finsterb%C3%A4r,0,1,1437,2051
1577084111,cyTrun,46,108,1087229,303
1577084602,Jelindrael,516,18,121673,893
1577085201,Caspar,264,79,798671,380
1577090502,pfu100,238,4,41393,1198
1577091361,iwanhammer,389,5,51582,1122
1577091431,Stevebe78,375,23,230648,717
1577092517,Kaiser+Chrisi+u.+Mille,36,52,512174,496
1577093582,Haima07,0,1,13096,1485
1577095727,dogan,0,7,69312,1044
1577096065,Olafson,69,672,6773904,34
1577098502,Pflaume,397,12,65742,1055
1577101120,Timo1205,930,498,5174942,58
1577102283,Mrs.+Jingels,328,22,225057,722
1577102455,vogelspinne+1,375,26,225869,721
1577106768,K%C3%B6nig+Habibi,0,1,4140,1815
1577106782,Z1ck3nt3rr0r,0,1,4202,1805
1577107408,Woimgenau,0,1,3909,1983
1577107458,MasterBlaster,0,1,4083,1851
1577107460,Fledermuse,0,1,3942,1967
1577107651,Eschwert,0,1,2674,2034
1577107700,Klotzfisch,0,1,4070,1874
1577107710,Alibabbo,0,1,4202,1806
1577107785,R3ms1,0,1,4136,1823
1577107937,Ratzefummel,0,1,3975,1951
1577108093,W0nderB4ll,427,1,4062,1888
1577108278,DerZerquetscher,0,4,21433,1352
1577108311,Tante1,0,1,10226,1599
1577108845,Crystalclear,0,1,3975,1952
1577108855,Sisty,0,1,4041,1898
1577108989,Stammhausen,0,1,4070,1875
1577109074,Hatschipuh,0,1,4107,1835
1577109133,Moschendrohtz%C3%A4on,0,1,1460,2050
1577109455,Hemisphere,0,1,3975,1953
1577109475,Esco.bar,0,1,4004,1931
1577109777,Lord+Ceaser,0,1,642,2071
1577109902,GlamourLady,0,1,4041,1899
1577109996,Eifelbock,0,1,4103,1843
1577110386,Oeznir,0,1,3975,1954
1577110739,Biber+1,522,23,240598,701
1577111052,Nachtspecht,49,203,1963185,182
1577111259,smej77,39,1,5035,1776
1577112204,LordKempf,0,15,138019,856
1577112805,AeonX,0,1,3975,1955
1577112830,EspanaGirl,0,1,4070,1876
1577112980,Area52,0,1,2825,2032
1577113977,Pfaffel,0,1,4070,1877
1577114094,Sir+Hercules,0,1,4103,1844
1577116754,Bleckmann,175,41,337543,609
1577117751,Guardian,947,46,317654,625
1577119156,lohle,0,13,86962,969
1577119317,M%C3%BCllersB%C3%BCro,76,30,221855,726
1577120751,yerushalem,258,55,444357,536
1577123242,lulero,10,113,1126742,298
1577124201,sporri,818,2,19202,1406
1577124467,mm11,147,65,646207,428
1577125199,thewinchester13,258,38,363891,589
1577126898,Elizabeth+Keen,56,522,5675475,49
1577129137,Chackadudu,258,193,1681064,215
1577129297,spartakus,264,37,366282,586
1577129652,der+toni,0,1,2933,2030
1577129722,Mattek,974,1,9807,1632
1577131055,Steve19012,10,54,522077,493
1577134305,FassHasso,10,5,46851,1155
1577134364,B%C3%BCtzow-City86,0,1,13398,1481
1577135378,derlangematz,368,42,409231,566
1577135956,Beagle73,25,100,662655,421
1577138367,Bullterrier86,569,5,29440,1284
1577138412,Sven+1974,0,2,21000,1364
1577140390,Lord+Fart,516,44,425700,551
1577140570,bobi29er,34,55,404080,560
1577142042,Sh4gger,132,8,82306,986
1577142554,KleenerMuck,680,4,35571,1228
1577143442,Schaitan,214,190,1894622,191
1577145021,Opa1948,371,10,84920,977
1577146145,Carp+hunter,0,4,32367,1246
1577146224,eleos,946,1,10029,1614
1577147460,JadeDrachen,0,2,14684,1468
1577149774,NFL%C3%A4nder,965,3,17688,1435
1577151032,kolllervonirgendwo,0,11,91623,958
1577151478,rene92,124,24,285405,655
1577151636,NunNunArbeit,214,323,3149699,107
1577151790,Schnueffel,0,1,741,2068
1577153814,Christians4,0,1,13096,1486
1577157759,MapleMan1,56,998,9864478,7
1577157838,VAG-Inc.,0,1,10873,1559
1577158435,DerBote31,522,90,895146,354
1577161511,kapuzo,930,356,3533648,94
1577166631,Kimahri,828,5,24830,1322
1577166842,Emul63,419,5,24514,1327
1577169689,Kandes,0,5,48933,1143
1577170568,rlexico,0,2,20419,1373
1577171712,BOBA+01,505,9,20693,1369
1577171788,DrugsAreBad,375,47,432077,543
1577172098,Derwei%C3%9Fewolf,0,1,9345,1668
1577172154,xie25d,214,140,1320976,263
1577172181,rote+sonne,685,20,204066,750
1577173814,Blutraben,403,3,27234,1305
1577175968,corona666,0,1,8259,1715
1577176578,Fafik,767,6,35085,1230
1577176795,Tinchen285,148,114,1154250,293
1577179248,Legion+of+Boom,40,602,5813097,48
1577180990,merino,0,13,70823,1030
1577181287,FrankenStone,0,2,13003,1489
1577181321,Nolay,327,92,912827,346
1577182133,DerManiac79,273,76,721781,404
1577182690,xRayQore,328,89,867027,362
1577184103,Jushbaer,69,289,2915958,122
1577184820,mac1976,327,2,17501,1439
1577187294,Ares100,0,1,8460,1705
1577187684,SchabaMa,695,12,110406,920
1577188251,Melancholy+Hill,49,396,4127315,78
1577188254,LJG88,395,77,738342,397
1577188827,Madam+Engelchen,0,1,8142,1721
1577189017,Hofnarr,264,88,857286,364
1577189907,sarius45,0,1,6130,1761
1577190276,PhilDiesel14,395,60,615640,448
1577190995,Sir.Lance,39,3,26715,1307
1577191104,Saumzeugs,0,1,1227,2054
1577191135,Time4Junk,0,1,601,2074
1577191313,Bradicard,0,1,3909,1984
1577191365,NeverBetter,0,1,489,2079
1577191532,6iNein,0,1,3975,1956
1577191576,Adelstrieb,0,1,1496,2049
1577191828,Grandgim,0,1,4298,1796
1577192087,Tschernicle,0,1,2475,2037
1577192098,BlueWaffle,0,1,811,2065
1577192234,DieGitta,0,1,2513,2036
1577192637,marco04,791,58,564356,472
1577194632,Klovid19,0,1,264,2087
1577194669,Die+Guhl,0,1,4008,1917
1577195020,bambihex,49,210,2114166,174
1577195202,Issmett,0,1,4070,1878
1577195222,S03r3n,0,1,3072,2022
1577195601,Aplyfy65,0,1,4136,1824
1577195953,Spacegirl,0,1,3790,2002
1577196191,Lylilja,0,1,4121,1829
1577196207,MaTheSche,0,1,4284,1797
1577196210,R0cc0,0,1,4169,1812
1577196271,NixZuHolen,0,1,3909,1985
1577196726,Dingolino,264,45,421364,555
1577199125,quantus,172,6,45869,1164
1577199126,Bad-Boy2k,264,82,825381,374
1577199218,Potexx,171,93,943791,333
1577200461,Poseidon666,628,14,112331,916
1577202118,Totengraeber,371,25,228580,720
1577203803,sigma1,0,2,20083,1379
1577203867,Baggy,375,58,568645,469
1577204130,Domi2807,39,3,25564,1316
1577204328,luana,912,4,13022,1488
1577205558,1.Fcm,143,1,12237,1508
1577206291,Kasimir,522,168,1639203,219
1577206473,Baffy,371,9,50744,1131
1577206699,Bill+Hates,522,38,304300,642
1577207097,CRUSHER2020,799,7,68880,1046
1577207152,dylan,124,25,279509,660
1577208358,eagleeye59,0,1,11168,1546
1577212785,Limi,505,3,7173,1743
1577215517,flo4693,818,15,137602,859
1577216457,Rush+E.0,0,31,316295,627
1577216934,norbikaa,525,18,122243,892
1577219394,Netox,69,806,8023500,16
1577219827,dede3333,124,68,594734,457
1577219860,VAGbnd,34,86,850616,367
1577223103,BlackBull936,112,38,360702,592
1577223838,timdette,69,192,1974904,181
1577227450,Skorpion310,148,270,2329059,156
1577227690,IceAngel,10,39,437157,542
1577231432,forgottenGuardian,49,295,3034891,112
1577231589,DerKojak,25,31,303699,644
1577231830,MaXaW94,56,757,7668838,22
1577231895,Gargamel99,273,22,216697,731
1577232316,Bananenentkerner,0,1,9845,1625
1577232503,Scorpion2k,154,64,662493,422
1577233879,Nathan+Drake,930,490,4905960,67
1577234024,MXNTRK,419,7,43812,1178
1577235051,Menarius,0,2,20082,1380
1577235148,skorpio65,0,9,86049,973
1577235265,itzniive,0,2,24847,1321
1577236526,Pinki72,0,11,101690,936
1577236839,-Gangstarr-,81,37,367668,585
1577237207,Ben+Crusher,78,17,169609,795
1577238392,Powner,525,23,232619,713
1577239956,Killerglatze,10,78,760031,390
1577241432,jockel-01,175,10,77680,1006
1577242466,jose.raul,124,41,420836,557
1577243518,Miraculis+der+Sanfte,88,218,1573467,223
1577244557,lordaron0175,0,4,24427,1329
1577245098,HRO2020,0,1,8579,1701
1577245780,flashmann6,88,93,929320,340
1577246696,Mr.+Aluata,484,6,33680,1237
1577247202,Slasher,214,352,3028916,113
1577247396,Rolf+Hartung,273,99,892644,355
1577248072,Nauticus,0,4,37354,1213
1577248337,Der+Barbar,0,1,3942,1968
1577248342,MilliMeter,0,1,4136,1825
1577248732,Thor25,154,57,472126,526
1577248822,Yu-Hsi,389,3,18885,1413
1577249771,Frank+Reich,143,1,7295,1740
1577250846,Gumble1983,642,6,55964,1101
1577251875,jason2000,154,84,770384,386
1577252028,Wechsel22,0,2,19448,1399
1577252770,Nimbus2000,0,3,20947,1365
1577252863,Plums,147,32,315940,629
1577254024,%3F%3FWhySoSerious%3F%3F,0,13,33493,1238
1577254299,Heidecker,0,2,21117,1359
1577255827,Albo93,39,1,11034,1552
1577256209,odin2809,10,20,145237,835
1577256465,PrinzessinSarafina,124,31,299149,645
1577258304,Golddieb,947,10,71827,1026
1577258602,Lord+Musch,40,921,9147390,10
1577258714,Stefmei77,760,3,30151,1270
1577258769,Bubbletea,0,1,4107,1836
1577258770,Gutrapali,0,1,3909,1986
1577258773,Paradise+Island,0,1,3975,1957
1577258821,K%C3%B6nigin+ANette,0,1,4115,1833
1577258867,pazifix,505,2,11458,1537
1577259112,Volles+Rohr,0,1,4333,1792
1577259113,ThisIsSparta,0,1,978,2062
1577259162,Snyper12,0,6,61614,1073
1577259741,Bitte+Nicht,0,1,3829,1998
1577259744,Max+I.+Mum,0,1,4085,1849
1577259749,Kingz+of+War,0,1,4041,1900
1577259775,Babsini,0,1,4136,1826
1577259957,Chronische+Unlust,0,1,4487,1787
1577260274,Aragorn+de+Ryne,0,2,15394,1460
1577260470,Kolonia,0,1,4136,1827
1577260899,GoMan,0,1,4041,1901
1577261478,Teufel76,484,10,44203,1173
1577261766,xXniemalsant%C3%A4uschenXx,0,1,4791,1781
1577261830,2biervor4,0,1,7952,1723
1577262098,fraggy2020,947,17,173948,786
1577262302,Adi1989,0,62,622136,444
1577262713,Alex+Jost,395,21,207439,746
1577263254,lionboy1408,148,198,1947510,184
1577263531,Schwani,0,1,5607,1766
1577264123,Freaks,505,1,10505,1578
1577264153,Blauadler,0,1,10010,1615
1577265085,lordhans1,0,11,81849,988
1577265935,DerSpieler,171,47,420899,556
1577267235,Principium+et+finem,930,620,6198480,39
1577267431,watson,0,3,35077,1231
1577267630,GIKARR,739,5,37403,1214
1577267761,Feuriger+Hugo,56,926,9136515,11
1577268072,Antimachts+Pl%C3%BCschtier,0,2,20383,1374
1577269920,dome10,0,2,13913,1472
1577269965,diedickeolga,69,742,7451993,24
1577271077,HeXe74,112,101,985884,324
1577271455,Liliya,0,1,1146,2056
1577272229,Thor1.0,46,159,1578541,222
1577272530,Barber,88,9,86567,971
1577273024,Universal,793,8,20245,1375
1577273211,kaioshin,525,28,240545,702
1577273228,ElGrande,0,3,25561,1317
1577274738,Kush420,947,37,317049,626
1577275420,LastAktionHero,0,1,3909,1987
1577275423,Promitheus,0,1,3752,2003
1577275437,Warning,0,1,3975,1958
1577275498,GodLysop,0,1,4045,1892
1577275513,MrsNiceGuy,0,1,4070,1879
1577275574,Klappenklabaster,0,1,3805,2001
1577275576,Tinkerbello,0,1,4185,1808
1577275629,TheArc,0,1,4103,1845
1577275729,VorbeiGetroffen,0,1,4256,1801
1577275732,Round+About,0,1,3087,2021
1577275769,FutureTime,0,1,4070,1880
1577275800,Pumping,0,1,616,2073
1577275805,WorldOfDark,0,1,4202,1807
1577275807,Cruciatus,0,1,265,2086
1577275954,CaseKing,0,1,3975,1959
1577275959,Pimpag,0,1,4041,1902
1577275963,Caution,0,1,4070,1881
1577275982,Zoombee,0,1,3942,1969
1577276044,zabzerab,525,38,370383,582
1577276085,FreEezZze,0,1,4037,1906
1577276086,B-City,0,1,4322,1795
1577276130,YapThatFool,0,1,4119,1831
1577276200,Volles+TohuWabohu,0,1,2990,2028
1577276284,Tsun4m1,0,1,4070,1882
1577276286,Route77,0,1,4070,1883
1577276291,Kokkoloris,0,1,4008,1918
1577276293,ryas,368,29,303717,643
1577276355,RareFlareZ,0,1,3028,2023
1577276600,Klitschgo,0,1,3089,2019
1577276623,DrSmith,0,1,3909,1988
1577276629,PesiSilver,0,1,4070,1884
1577276630,DarlWorld,0,1,4004,1932
1577277053,tolbus,767,8,73010,1023
1577277649,unique+99,214,548,5327080,55
1577278169,Lordeisenhart13,327,17,165076,802
1577278191,Kharrku,368,122,1254818,274
1577278338,Testament,328,239,2324579,157
1577279074,hyperhansi95,465,2,24422,1330
1577279449,Staemmeveteran2010,733,2,21613,1349
1577279555,Sardar,0,1,9844,1627
1577279914,Der+Br%C3%A4cher,0,2,4577,1785
1577280223,offmadewe,522,77,805618,378
1577280244,blackwind,0,3,24777,1323
1577282268,senug,88,59,589939,461
1577282595,acudb,801,46,452487,530
1577283178,Texter,961,3,23741,1335
1577283400,BlueBird,143,47,428994,547
1577284885,Horst-MG,0,17,137762,858
1577285125,Ferdinandt,525,25,306275,640
1577285587,John+Hiill,516,7,44075,1174
1577286231,Hunter23,801,66,599346,456
1577286275,-.Lost.-,180,48,414096,561
1577286477,D3NN12,0,211,2087953,176
1577286764,Ricci1993,78,33,345934,603
1577290092,Lausitz-Suebe,86,1,12164,1522
1577290506,Ace.Uchiha,191,82,793680,381
1577291125,Gerdie,372,9,90584,962
1577292260,sc0rp10n,0,1,6824,1745
1577292881,roemhild,62,31,296773,649
1577293262,Moppelchen,459,29,244227,697
1577296076,Ruffywaaas,39,1,10505,1579
1577296537,RTW7441,0,1,5492,1768
1577296811,Foelz,371,3,16877,1445
1577297395,Riyaka,0,3,18933,1411
1577298193,metka8,947,20,180967,777
1577298380,spartacus22,3,19,177945,780
1577299163,BMGmob,375,37,350166,600
1577299607,Astropower,0,25,235071,707
1577299714,Valfadir22,0,2,22126,1345
1577299867,Teuflisch+gut,25,66,639813,432
1577299971,Graf+Bismark70,214,59,617383,447
1577300030,seeadler,0,2,17669,1436
1577300935,Shadow79,0,3,21388,1354
1577302420,Ebenreut,370,1,12613,1495
1577303586,feuer160,0,1,8608,1699
1577304358,Lord+angelika,680,11,44294,1172
1577304730,Sigstar77,484,12,99613,941
1577304769,Dschungelsittich,0,1,7192,1742
1577304849,Lord+OPPO,273,88,838748,369
1577305347,PyCatchU1,525,23,217764,729
1577306614,akak,273,24,250412,693
1577307585,Fluffel,147,188,1784775,200
1577311071,tingeltangelbob,0,1,9323,1670
1577311862,Blubs94,934,5,35945,1225
1577311896,lars233,0,2,19876,1386
1577312066,Jumper077,0,1,8831,1690
1577312291,Moritzo,328,109,1158861,292
1577312368,Jnswrd,695,7,38889,1209
1577312547,Zniffo,56,739,7736356,20
1577314505,tirolerbua,0,1,8908,1685
1577315592,SiSi75,956,1,6289,1757
1577315695,Miknog,25,95,930718,339
1577316087,neidubesch,147,44,440372,540
1577316163,Zickezacke,0,1,3975,1960
1577316784,Lord+SPIELER,522,3,31553,1249
1577316907,Maliketh,214,446,4416050,75
1577316968,Klassikfan,39,13,60853,1080
1577316990,DeinNachbar,0,1,4140,1816
1577317011,Nobbie,0,1,4004,1933
1577317072,Skuti,0,1,4161,1813
1577317073,K%C3%B6nigin+Doris,0,1,4070,1885
1577317495,Papstibalt,0,1,4070,1886
1577317604,King+Mario,0,1,4037,1907
1577317618,Bernd00,0,1,4136,1828
1577317631,Haferlotte,0,1,4041,1903
1577317788,Lady+LassMich,0,1,479,2080
1577317821,Die+Gitta,0,1,4103,1846
1577317849,Bob+Strobo,25,44,440000,541
1577318280,piet907,36,100,1002543,319
1577318519,Ritter+Tiuri,0,2,14982,1466
1577318764,Tutti-Mutti,0,1,3143,2016
1577318888,Big+Peat,124,136,1135459,296
1577319493,Welsenbub,0,1,4070,1887
1577319579,FangMichDoch,0,1,4004,1934
1577319582,PiclobergGz,0,1,3975,1961
1577319661,Rumpelstiehl,0,1,4037,1908
1577319827,Ringo+Star,0,1,2350,2039
1577320048,Logum,0,3,23203,1338
1577320079,ZiemlichZ%C3%BCgig,0,1,3909,1989
1577320082,Cl0wnzZ,0,1,3861,1997
1577320202,Lancelot77,525,56,691344,409
1577320369,R3gin4,0,1,3163,2015
1577320441,TankTrank,0,1,3088,2020
1577320488,Holger1968,39,13,64251,1062
1577320766,Thyron33,69,59,540154,485
1577320886,TheInv,617,204,1875177,195
1577321397,Prinzenrolle,258,26,209282,743
1577322377,Scorpy,0,1,9518,1656
1577322810,Husky1969,124,25,215052,734
1577323250,paquito,46,390,3885149,85
1577323648,Apteryx,81,19,189316,768
1577323786,chapain,370,5,51690,1120
1577324017,Sailor82,891,3,11115,1548
1577324225,DonPhil,148,104,1068035,308
1577324641,Lord+BO-1966,403,55,537069,487
1577324759,Darvas,147,28,272272,670
1577324931,Oldmancity,0,1,7567,1734
1577325085,Armenius02,76,22,231380,715
1577325209,Realdon,147,151,1489896,231
1577325563,King+Arthur7,799,15,143826,843
1577325597,hopfo,0,38,312358,633
1577325643,Ironfist,419,7,36929,1217
1577326211,LadyRena,0,23,205254,748
1577326507,L%C3%B6wenzahn,368,24,263793,678
1577326539,Zogger93,34,48,468076,528
1577326622,hektor,801,1,8995,1683
1577327423,TVI5,25,34,322410,619
1577328503,Drago66,970,34,234814,708
1577329358,KumaSama,375,4,42585,1187
1577329443,cheapday,0,1,11491,1536
1577329458,Intruder,327,14,80616,992
1577329604,Brody,46,244,2488966,146
1577329629,Nanodrache,0,13,161681,805
1577329653,AchimOO,168,12,115684,909
1577329891,rydenfelt,0,1,11252,1543
1577329913,Bugra,933,7,70428,1035
1577329915,ThorRaphi,0,7,61065,1078
1577330157,S%C3%B6ldner,171,52,425278,552
1577330337,schnepse,67,20,174349,785
1577330372,Olidus91,147,263,2249710,163
1577330489,schroppi,0,1,3967,1962
1577330585,OLVus,175,75,581297,462
1577330753,dufecam,0,2,21276,1358
1577330796,Andy+der+Schlaue,264,75,743375,395
1577330889,Guybrush,78,15,145221,836
1577331140,Grundi76,944,2,25674,1313
1577331795,elmor,0,5,36986,1216
1577332470,male7777777,403,14,134697,863
1577332473,Velo7,124,92,825339,375
1577332533,BjoernYggdrasil,148,29,257799,687
1577332609,scrimmage,238,3,24647,1325
1577332704,XJin82X,371,14,144666,839
1577332706,Lugass,395,121,1231181,280
1577332760,angryvideogamenerd,505,13,99206,944
1577333017,ThrowingFlashbang,214,524,5056655,61
1577333392,Pipo,88,3,29573,1281
1577333568,mjh84,88,7,86307,972
1577333725,neroo8833,951,1,10185,1601
1577333809,H2oHugo,375,4,33040,1242
1577333953,AreYouABabyCow%3F,621,2,18158,1429
1577334094,xJonaX,258,38,368816,583
1577334157,Skrillex,112,32,317788,624
1577334326,ragodd,525,50,534362,489
1577334343,Dan95,175,9,52614,1118
1577334571,dieGurk,327,18,127406,877
1577334646,House+Targaryen,285,1,12073,1525
1577334684,patricktina,258,132,1093269,302
1577334927,Lord.+von+Hort,951,10,92123,957
1577334976,Acidrain23,0,3,30168,1269
1577335050,Bakura,0,6,60980,1079
1577335170,Todty,389,7,65028,1060
1577335365,lowfish,525,26,244306,709
1577335568,joachim11,273,115,1397964,246
1577335867,Moritzftw,0,4,42358,1191
1577336186,Einsam-er,395,65,617717,446
1577336243,5Luna5,0,1,7463,1736
1577336293,Saphyre,368,59,615170,451
1577336664,wilde+onkelz,403,68,578982,463
1577337248,Almir93,0,17,159774,809
1577337399,erictzion,0,5,31289,1254
1577337446,%2AD%C3%B6lm%C3%A4n%2A,0,3,29823,1264
1577337797,Bierkapit%C3%A4n,0,1,8378,1708
1577337822,KingVPI,86,5,32627,1244
1577338240,pool,175,11,98285,946
1577338267,Gondero,546,2,16871,1447
1577338407,tolo,0,3,36610,1220
1577338465,mane.schmid,591,6,53945,1111
1577338963,papst321,395,81,932988,337
1577339372,moovingaverage,368,96,909367,347
1577339471,xXGEFKikiXx,0,7,30315,1267
1577339496,jonas91,0,1,12248,1505
1577339532,Tavington,370,8,43654,1181
1577339814,bounce345,0,8,45393,1168
1577339936,Guter+Opa+Jo,39,6,73277,1021
1577340113,Andi-Bar,0,12,118950,902
1577340502,galacticfear,395,40,400142,574
1577340668,Frosch1996,865,10,39957,1205
1577340723,matthias95,576,2,20061,1381
1577340934,K%C3%B6nigin+Mette,0,1,10093,1605
1577341286,zero66,933,46,454863,514
1577341392,Hermes86,0,2,20781,1367
1577341511,Felix95,0,1,6595,1750
1577341587,Esamor,642,50,211403,738
1577341606,n8chtfalt3r,853,4,42824,1186
1577341836,The+Great+Gatsby,273,26,161115,806
1577342336,alexscr29,685,28,275487,666
1577342369,Hans2222,478,12,114358,914
1577342463,LukySchmuky,0,1,1138,2057
1577342612,DeoLeomachteuchkaputt,371,30,314819,631
1577342749,fabius27,258,55,551944,479
1577342785,St0r4ge,0,1,878,2063
1577342808,Anny+Whayne,0,1,2088,2043
1577342817,AuTCodeX,403,5,46465,1159
1577343096,Flegmom,0,1,2988,2029
1577343737,Hennessy90,0,2,8699,1697
1577344063,Avril,0,1,403,2082
1577344333,Donna+Lean,0,1,1186,2055
1577344842,behre97,642,8,82756,985
1577344896,twixDD,171,192,2000725,179
1577345133,King+of+the+Mountain,148,59,537524,486
1577345291,maier.f,642,1,12613,1496
1577345481,Mr.Heinz,0,2,19926,1385
1577345685,Enter+Shikari,0,1,2076,2044
1577345915,Michaela74,604,1,6193,1760
1577346029,SSN+Bananenk%C3%B6nig,600,12,120187,899
1577346141,tofu,395,67,662706,419
1577346377,LordKritse,0,1,13096,1487
1577346387,Motzkopp,0,27,262664,682
1577346511,Asterix,0,4,23102,1342
1577346682,xLordHuetchen,375,35,353093,596
1577346695,bw34,419,6,66730,1051
1577346801,Raizzon,0,16,154516,819
1577347007,Marcel987,525,79,736749,398
1577347259,Thorondor,419,21,200037,758
1577347536,didadumdum,264,63,530230,490
1577347540,KRIEGER2022,10,7,22680,1343
1577347842,Elektrozwerg,0,3,36210,1222
1577347893,AffenKopfJohnny,371,5,20632,1371
1577348216,DistruKter,874,4,24199,1332
1577348301,macmaster905610,0,4,36210,1223
1577348410,Wiesi29,88,7,70213,1037
1577348416,PhilG4ming,276,8,78618,1002
1577348875,VapeCloud,956,1,12314,1504
1577348912,kajast80,799,7,53944,1112
1577348921,JoeyBo,88,9,90813,960
1577349078,Schnarchi2023,0,3,30881,1257
1577349401,DeZondar,171,55,545253,483
1577349481,elbpirat,0,1,5369,1770
1577349517,jojo91,0,4,31523,1250
1577349818,Penthesilea,0,9,66000,1054
1577349948,specki,0,1,4832,1779
1577350075,juvali,264,23,202839,754
1577350112,Hanni,525,64,542339,484
1577350181,Wetzstein,264,67,609152,454
1577350369,Lemming1991,0,2,16904,1444
1577350474,Poelcko,360,3,31940,1247
1577350663,Gwendolin,419,8,80295,994
1577350723,wuff+wuff+wauwau,685,1,10060,1608
1577350908,Maximus99,0,4,19868,1387
1577350912,skx1408,695,7,63167,1064
1577350930,Bulbasaur,815,13,34788,1233
1577351193,marto,747,1,9532,1655
1577351485,Tollkirsche,695,11,120949,895
1577351492,alucinado78,78,14,124606,888
1577351733,Cmoser11,0,1,11504,1535
1577352271,Wanderrecke,736,14,85315,974
1577352539,Kevvko,0,3,17876,1434
1577352988,C%C3%A4sar111,88,14,125025,887
1577353395,Kluge1909,370,3,21315,1357
1577353525,Hansi0708,0,2,18745,1416
1577353603,Debrem,760,2,18162,1427
1577354446,Yarasa55,0,5,43825,1177
1577354497,koma93,375,18,148071,829
1577354546,markovje,799,1,9989,1618
1577355051,Hardfreq89,767,14,83308,983
1577355071,biggy,0,11,109895,922
1577355366,Henne345,0,1,10612,1572
1577355622,Leopar55,0,8,40151,1203
1577355703,Nico93,0,1,10630,1571
1577355815,Smoerly,516,19,123257,891
1577355966,Auriyane,0,1,9797,1634
1577356084,Lennyy,799,1,9066,1681
1577356182,KDL53,604,1,10979,1555
1577356257,shipofdeath,0,1,9508,1657
1577356260,DrizzT,0,9,87463,968
1577356331,KuebelHund,946,1,8308,1713
1577356350,einkommentar,0,1,9637,1648
1577356650,Manuy,327,1,12424,1500
1577356681,SirLukas1903,793,2,4550,1786
1577356816,BigBorchi,39,25,220324,728
1577356882,El+Safto,273,25,221175,727
1577356953,gott1995,0,2,15987,1457
1577356973,Camelot,132,3,33314,1239
1577357022,Sepp0395,88,5,56668,1095
1577357024,Leutnant,0,1,11175,1545
1577357109,Lex87,0,12,101796,935
1577357360,kosi66,132,4,36835,1218
1577357504,black+shadows,0,1,10396,1585
1577357956,SuperGoku,0,9,50381,1133
1577358045,Freddy91,628,3,18770,1415
1577358076,Sgt.Tomahawk,961,5,44839,1171
1577358132,Aw4thar,0,1,6631,1749
1577358211,elrey1996,516,2,13906,1473
1577358336,nikola1208,0,1,12528,1497
1577358501,MPEwner,818,11,84834,979
1577358598,Gigabit,0,1,297,2085
1577358665,Farbige+Welten,0,1,1380,2053
1577358954,Phandra,0,1,238,2089
1577359207,Karnimani,0,1,254,2088
1577359210,Curelei,0,1,369,2083
1577359779,Sarafnchen,491,3,18159,1428
1577360095,der-Portaner,946,1,10089,1606
1577360301,skullfish,491,1,10171,1603
1577360510,reinerpapagei,680,8,47537,1152
1577361402,kappe33,419,2,19552,1395
1577362020,death+VoLTaGe,370,8,57403,1090
1577362062,war-VoLTaGe,370,1,9373,1665
1577362240,Sir+Ralfie+III.,0,1,10865,1560
1577362917,PL4NKTON,0,1,7446,1737
1577362942,KingKasa,88,6,30724,1259
1577363164,Bartim%C3%A4us74,0,3,25282,1318
1577364782,hammel,0,1,4097,1847
1577365221,Wieti,0,1,1787,2047
1577368432,Bitace,0,1,3394,2013
1577369197,HellsingPlay,0,1,3508,2012
1577369749,Harrybertz,0,1,2171,2041
1577369979,greatwar,0,1,4358,1789
1577371457,Starfaze,0,1,8812,1692
1577371952,mx4-Dodo,0,1,4176,1810
